47.54400 -122.31133
47.54356 -122.30844
47.54313 -122.30555
47.54269 -122.30266
47.54226 -122.29977
47.54182 -122.29688
47.54138 -122.29398
47.54095 -122.29109
47.54051 -122.28820
47.54008 -122.28531
47.53964 -122.28242
47.53920 -122.27953
47.53877 -122.27664
47.53833 -122.27375
47.53789 -122.27086
47.53746 -122.26797
47.53702 -122.26508
47.53658 -122.26218
47.53615 -122.25929
47.53571 -122.25640
47.53527 -122.25351
47.53483 -122.25062
47.53440 -122.24773
47.53396 -122.24484
47.53352 -122.24195
47.53308 -122.23906
47.53265 -122.23617
47.53221 -122.23328
47.53177 -122.23039
47.53133 -122.22750
47.53090 -122.22461
47.53046 -122.22172
47.53002 -122.21883
47.52958 -122.21594
47.52914 -122.21305
47.52871 -122.21016
47.52827 -122.20727
47.52783 -122.20438
47.52739 -122.20149
47.52695 -122.19860
47.52651 -122.19571
47.52607 -122.19282
47.52564 -122.18993
47.52520 -122.18704
47.52476 -122.18415
47.52432 -122.18126
47.52388 -122.17837
47.52344 -122.17549
47.52300 -122.17260
47.52256 -122.16971
47.52212 -122.16682
47.52168 -122.16393
47.52124 -122.16104
47.52080 -122.15815
47.52036 -122.15526
47.51993 -122.15237
47.51949 -122.14948
47.51905 -122.14660
47.51861 -122.14371
47.51817 -122.14082
47.51773 -122.13793
47.51729 -122.13504
47.51685 -122.13215
47.51640 -122.12926
47.51596 -122.12637
47.51552 -122.12349
47.51508 -122.12060
47.51464 -122.11771
47.51420 -122.11482
47.51376 -122.11193
47.51332 -122.10905
47.51288 -122.10616
47.51244 -122.10327
47.51200 -122.10038
47.51156 -122.09749
47.51112 -122.09461
47.51067 -122.09172
47.51023 -122.08883
47.50979 -122.08594
47.50935 -122.08305
47.50891 -122.08017
47.50847 -122.07728
47.50803 -122.07439
47.50758 -122.07150
47.50714 -122.06862
47.50670 -122.06573
47.50626 -122.06284
47.50582 -122.05995
47.50537 -122.05707
47.50493 -122.05418
47.50449 -122.05129
47.50405 -122.04840
47.50361 -122.04552
47.50316 -122.04263
47.50272 -122.03974
47.50228 -122.03686
47.50184 -122.03397
47.50139 -122.03108
47.50095 -122.02820
47.50051 -122.02531
47.50006 -122.02242
47.49962 -122.01954
47.49918 -122.01665
47.49873 -122.01376
47.49829 -122.01088
47.49785 -122.00799
47.49740 -122.00510
47.49696 -122.00222
47.49652 -121.99933
47.49607 -121.99644
47.49563 -121.99356
47.49519 -121.99067
47.49474 -121.98779
47.49430 -121.98490
47.49385 -121.98201
47.49341 -121.97913
47.49297 -121.97624
47.49252 -121.97336
47.49208 -121.97047
47.49163 -121.96758
47.49119 -121.96470
47.49074 -121.96181
47.49030 -121.95893
47.48986 -121.95604
47.48941 -121.95316
47.48897 -121.95027
47.48852 -121.94739
47.48808 -121.94450
47.48763 -121.94161
47.48719 -121.93873
47.48674 -121.93584
47.48630 -121.93296
47.48585 -121.93007
47.48541 -121.92719
47.48496 -121.92430
47.48451 -121.92142
47.48407 -121.91853
47.48362 -121.91565
47.48318 -121.91276
47.48273 -121.90988
47.48229 -121.90699
47.48184 -121.90411
47.48139 -121.90123
47.48095 -121.89834
47.48050 -121.89546
47.48006 -121.89257
47.47961 -121.88969
47.47916 -121.88680
47.47872 -121.88392
47.47827 -121.88103
47.47782 -121.87815
47.47738 -121.87527
47.47693 -121.87238
47.47648 -121.86950
47.47604 -121.86661
47.47559 -121.86373
47.47514 -121.86084
47.47469 -121.85796
47.47425 -121.85508
47.47380 -121.85219
47.47335 -121.84931
47.47291 -121.84643
47.47246 -121.84354
47.47201 -121.84066
47.47156 -121.83777
47.47112 -121.83489
47.47067 -121.83201
47.47022 -121.82912
47.46977 -121.82624
47.46932 -121.82336
47.46888 -121.82047
47.46843 -121.81759
47.46798 -121.81471
47.46753 -121.81182
47.46708 -121.80894
47.46663 -121.80606
47.46619 -121.80318
47.46574 -121.80029
47.46529 -121.79741
47.46484 -121.79453
47.46439 -121.79164
47.46394 -121.78876
47.46349 -121.78588
47.46304 -121.78300
47.46260 -121.78011
47.46215 -121.77723
47.46170 -121.77435
47.46125 -121.77147
47.46080 -121.76858
47.46035 -121.76570
47.45990 -121.76282
47.45945 -121.75994
47.45900 -121.75705
47.45855 -121.75417
47.45810 -121.75129
47.45765 -121.74841
47.45720 -121.74553
47.45675 -121.74264
47.45630 -121.73976
47.45585 -121.73688
47.45540 -121.73400
47.45495 -121.73112
47.45450 -121.72823
47.45405 -121.72535
47.45360 -121.72247
47.45315 -121.71959
47.45270 -121.71671
47.45225 -121.71383
47.45180 -121.71095
47.45135 -121.70806
47.45089 -121.70518
47.45044 -121.70230
47.44999 -121.69942
47.44954 -121.69654
47.44909 -121.69366
47.44864 -121.69078
47.44819 -121.68790
47.44774 -121.68501
47.44728 -121.68213
47.44683 -121.67925
47.44638 -121.67637
47.44593 -121.67349
47.44548 -121.67061
47.44503 -121.66773
47.44457 -121.66485
47.44412 -121.66197
47.44367 -121.65909
47.44322 -121.65621
47.44276 -121.65333
47.44231 -121.65045
47.44186 -121.64757
47.44141 -121.64469
47.44095 -121.64181
47.44050 -121.63893
47.44005 -121.63605
47.43960 -121.63317
47.43914 -121.63029
47.43869 -121.62741
47.43824 -121.62453
47.43779 -121.62165
47.43733 -121.61877
47.43688 -121.61589
47.43643 -121.61301
47.43597 -121.61013
47.43552 -121.60725
47.43507 -121.60437
47.43461 -121.60149
47.43416 -121.59861
47.43370 -121.59573
47.43325 -121.59285
47.43280 -121.58997
47.43234 -121.58709
47.43189 -121.58421
47.43143 -121.58133
47.43098 -121.57845
47.43053 -121.57557
47.43007 -121.57270
47.42962 -121.56982
47.42916 -121.56694
47.42871 -121.56406
47.42825 -121.56118
47.42780 -121.55830
47.42735 -121.55542
47.42689 -121.55254
47.42644 -121.54966
47.42598 -121.54679
47.42553 -121.54391
47.42507 -121.54103
47.42462 -121.53815
47.42416 -121.53527
47.42370 -121.53239
47.42325 -121.52952
47.42279 -121.52664
47.42234 -121.52376
47.42188 -121.52088
47.42143 -121.51800
47.42097 -121.51512
47.42052 -121.51225
47.42006 -121.50937
47.41960 -121.50649
47.41915 -121.50361
47.41869 -121.50073
47.41824 -121.49786
47.41778 -121.49498
47.41732 -121.49210
47.41687 -121.48922
47.41641 -121.48635
47.41595 -121.48347
47.41550 -121.48059
47.41504 -121.47771
47.41458 -121.47484
47.41413 -121.47196
47.41367 -121.46908
47.41321 -121.46620
47.41276 -121.46333
47.41230 -121.46045
47.41184 -121.45757
47.41138 -121.45470
47.41093 -121.45182
47.41047 -121.44894
47.41001 -121.44607
47.40955 -121.44319
47.40910 -121.44031
47.40864 -121.43744
47.40818 -121.43456
47.40772 -121.43168
47.40727 -121.42881
47.40681 -121.42593
47.40635 -121.42305
47.40589 -121.42018
47.40543 -121.41730
47.40533 -121.41667
