45.51350 -122.67649
45.51469 -122.67419
45.51588 -122.67189
45.51707 -122.66960
45.51826 -122.66730
45.51945 -122.66500
45.52064 -122.66270
45.52183 -122.66040
45.52302 -122.65811
45.52421 -122.65581
45.52540 -122.65351
45.52659 -122.65121
45.52778 -122.64891
45.52897 -122.64661
45.53016 -122.64431
45.53135 -122.64201
45.53254 -122.63972
45.53373 -122.63742
45.53491 -122.63512
45.53610 -122.63282
45.53729 -122.63052
45.53848 -122.62822
45.53967 -122.62592
45.54086 -122.62362
45.54205 -122.62132
45.54324 -122.61902
45.54443 -122.61672
45.54562 -122.61442
45.54681 -122.61212
45.54799 -122.60982
45.54918 -122.60752
45.55037 -122.60522
45.55156 -122.60292
45.55275 -122.60062
45.55394 -122.59832
45.55513 -122.59602
45.55632 -122.59371
45.55750 -122.59141
45.55869 -122.58911
45.55988 -122.58681
45.56107 -122.58451
45.56226 -122.58221
45.56345 -122.57991
45.56463 -122.57760
45.56582 -122.57530
45.56701 -122.57300
45.56820 -122.57070
45.56939 -122.56840
45.57057 -122.56609
45.57176 -122.56379
45.57295 -122.56149
45.57414 -122.55919
45.57533 -122.55688
45.57651 -122.55458
45.57770 -122.55228
45.57889 -122.54998
45.58008 -122.54767
45.58126 -122.54537
45.58245 -122.54307
45.58364 -122.54076
45.58483 -122.53846
45.58601 -122.53616
45.58720 -122.53385
45.58839 -122.53155
45.58958 -122.52925
45.59076 -122.52694
45.59195 -122.52464
45.59314 -122.52233
45.59432 -122.52003
45.59551 -122.51773
45.59670 -122.51542
45.59789 -122.51312
45.59907 -122.51081
45.60026 -122.50851
45.60145 -122.50620
45.60263 -122.50390
45.60382 -122.50159
45.60501 -122.49929
45.60619 -122.49698
45.60738 -122.49468
45.60857 -122.49237
45.60975 -122.49007
45.61094 -122.48776
45.61212 -122.48546
45.61331 -122.48315
45.61450 -122.48085
45.61568 -122.47854
45.61687 -122.47623
45.61806 -122.47393
45.61924 -122.47162
45.62043 -122.46932
45.62161 -122.46701
45.62280 -122.46470
45.62399 -122.46240
45.62517 -122.46009
45.62636 -122.45778
45.62754 -122.45548
45.62873 -122.45317
45.62991 -122.45086
45.63110 -122.44856
45.63229 -122.44625
45.63347 -122.44394
45.63466 -122.44163
45.63584 -122.43933
45.63703 -122.43702
45.63821 -122.43471
45.63940 -122.43240
45.64058 -122.43009
45.64177 -122.42779
45.64295 -122.42548
45.64414 -122.42317
45.64532 -122.42086
45.64651 -122.41855
45.64769 -122.41625
45.64888 -122.41394
45.65006 -122.41163
45.65125 -122.40932
45.65243 -122.40701
45.65362 -122.40470
45.65480 -122.40239
45.65599 -122.40008
45.65717 -122.39777
45.65836 -122.39546
45.65954 -122.39316
45.66072 -122.39085
45.66191 -122.38854
45.66309 -122.38623
45.66428 -122.38392
45.66546 -122.38161
45.66665 -122.37930
45.66783 -122.37699
45.66901 -122.37468
45.67020 -122.37237
45.67138 -122.37006
45.67257 -122.36774
45.67375 -122.36543
45.67493 -122.36312
45.67612 -122.36081
45.67730 -122.35850
45.67849 -122.35619
45.67967 -122.35388
45.68085 -122.35157
45.68204 -122.34926
45.68322 -122.34695
45.68440 -122.34463
45.68559 -122.34232
45.68677 -122.34001
45.68795 -122.33770
45.68914 -122.33539
45.69032 -122.33307
45.69150 -122.33076
45.69269 -122.32845
45.69387 -122.32614
45.69505 -122.32383
45.69624 -122.32151
45.69742 -122.31920
45.69860 -122.31689
45.69978 -122.31458
45.70097 -122.31226
45.70215 -122.30995
45.70333 -122.30764
45.70451 -122.30532
45.70570 -122.30301
45.70688 -122.30070
45.70806 -122.29838
45.70925 -122.29607
45.71043 -122.29376
45.71161 -122.29144
45.71279 -122.28913
45.71397 -122.28681
45.71516 -122.28450
45.71634 -122.28219
45.71752 -122.27987
45.71870 -122.27756
45.71989 -122.27524
45.72107 -122.27293
45.72225 -122.27061
45.72343 -122.26830
45.72461 -122.26598
45.72580 -122.26367
45.72698 -122.26135
45.72816 -122.25904
45.72934 -122.25672
45.73052 -122.25441
45.73170 -122.25209
45.73289 -122.24978
45.73407 -122.24746
45.73525 -122.24515
45.73643 -122.24283
45.73761 -122.24052
45.73879 -122.23820
45.73997 -122.23588
45.74115 -122.23357
45.74234 -122.23125
45.74352 -122.22893
45.74470 -122.22662
45.74588 -122.22430
45.74706 -122.22198
45.74824 -122.21967
45.74942 -122.21735
45.75060 -122.21503
45.75178 -122.21272
45.75296 -122.21040
45.75415 -122.20808
45.75533 -122.20577
45.75651 -122.20345
45.75769 -122.20113
45.75887 -122.19881
45.76005 -122.19649
45.76123 -122.19418
45.76241 -122.19186
45.76359 -122.18954
45.76477 -122.18722
45.76595 -122.18490
45.76713 -122.18259
45.76831 -122.18027
45.76949 -122.17795
45.77067 -122.17563
45.77185 -122.17331
45.77303 -122.17099
45.77421 -122.16867
45.77539 -122.16636
45.77657 -122.16404
45.77775 -122.16172
45.77893 -122.15940
45.78011 -122.15708
45.78129 -122.15476
45.78247 -122.15244
45.78365 -122.15012
45.78483 -122.14780
45.78601 -122.14548
45.78719 -122.14316
45.78836 -122.14084
45.78954 -122.13852
45.79072 -122.13620
45.79190 -122.13388
45.79308 -122.13156
45.79426 -122.12924
45.79544 -122.12692
45.79662 -122.12460
45.79780 -122.12228
45.79898 -122.11995
45.80016 -122.11763
45.80133 -122.11531
45.80251 -122.11299
45.80369 -122.11067
45.80487 -122.10835
45.80605 -122.10603
45.80723 -122.10370
45.80841 -122.10138
45.80958 -122.09906
45.81076 -122.09674
45.81194 -122.09442
45.81312 -122.09209
45.81430 -122.08977
45.81548 -122.08745
45.81665 -122.08513
45.81783 -122.08281
45.81901 -122.08048
45.82019 -122.07816
45.82137 -122.07584
45.82254 -122.07351
45.82372 -122.07119
45.82490 -122.06887
45.82608 -122.06654
45.82726 -122.06422
45.82843 -122.06190
45.82961 -122.05957
45.83079 -122.05725
45.83197 -122.05493
45.83314 -122.05260
45.83432 -122.05028
45.83550 -122.04796
45.83668 -122.04563
45.83785 -122.04331
45.83903 -122.04098
45.84021 -122.03866
45.84139 -122.03633
45.84256 -122.03401
45.84374 -122.03168
45.84492 -122.02936
45.84609 -122.02703
45.84727 -122.02471
45.84845 -122.02238
45.84962 -122.02006
45.85080 -122.01773
45.85198 -122.01541
45.85316 -122.01308
45.85433 -122.01076
45.85551 -122.00843
45.85669 -122.00611
45.85786 -122.00378
45.85904 -122.00145
45.86021 -121.99913
45.86139 -121.99680
45.86257 -121.99448
45.86374 -121.99215
45.86492 -121.98982
45.86610 -121.98750
45.86727 -121.98517
45.86845 -121.98284
45.86962 -121.98052
45.87080 -121.97819
45.87198 -121.97586
45.87315 -121.97353
45.87433 -121.97121
45.87550 -121.96888
45.87668 -121.96655
45.87786 -121.96423
45.87903 -121.96190
45.88021 -121.95957
45.88138 -121.95724
45.88256 -121.95491
45.88373 -121.95259
45.88491 -121.95026
45.88608 -121.94793
45.88726 -121.94560
45.88843 -121.94327
45.88961 -121.94094
45.89079 -121.93862
45.89196 -121.93629
45.89314 -121.93396
45.89431 -121.93163
45.89549 -121.92930
45.89666 -121.92697
45.89784 -121.92464
45.89901 -121.92231
45.90019 -121.91998
45.90136 -121.91765
45.90253 -121.91532
45.90371 -121.91299
45.90488 -121.91066
45.90606 -121.90833
45.90723 -121.90600
45.90841 -121.90367
45.90958 -121.90134
45.91076 -121.89901
45.91193 -121.89668
45.91310 -121.89435
45.91428 -121.89202
45.91545 -121.88969
45.91663 -121.88736
45.91780 -121.88503
45.91898 -121.88270
45.92015 -121.88037
45.92132 -121.87804
45.92250 -121.87571
45.92367 -121.87337
45.92485 -121.87104
45.92602 -121.86871
45.92719 -121.86638
45.92837 -121.86405
45.92954 -121.86172
45.93071 -121.85938
45.93189 -121.85705
45.93306 -121.85472
45.93423 -121.85239
45.93541 -121.85006
45.93658 -121.84772
45.93775 -121.84539
45.93893 -121.84306
45.94010 -121.84072
45.94127 -121.83839
45.94245 -121.83606
45.94362 -121.83373
45.94479 -121.83139
45.94597 -121.82906
45.94714 -121.82673
45.94831 -121.82439
45.94948 -121.82206
45.95066 -121.81973
45.95183 -121.81739
45.95300 -121.81506
45.95417 -121.81272
45.95535 -121.81039
45.95652 -121.80806
45.95769 -121.80572
45.95886 -121.80339
45.96004 -121.80105
45.96121 -121.79872
45.96238 -121.79638
45.96355 -121.79405
45.96473 -121.79171
45.96590 -121.78938
45.96707 -121.78704
45.96824 -121.78471
45.96941 -121.78237
45.97059 -121.78004
45.97176 -121.77770
45.97293 -121.77537
45.97410 -121.77303
45.97527 -121.77070
45.97645 -121.76836
45.97762 -121.76602
45.97879 -121.76369
45.97996 -121.76135
45.98113 -121.75902
45.98230 -121.75668
45.98347 -121.75434
45.98465 -121.75201
45.98582 -121.74967
45.98699 -121.74733
45.98816 -121.74500
45.98933 -121.74266
45.99050 -121.74032
45.99167 -121.73799
45.99284 -121.73565
45.99402 -121.73331
45.99519 -121.73097
45.99636 -121.72864
45.99753 -121.72630
45.99870 -121.72396
45.99987 -121.72162
46.00104 -121.71929
46.00221 -121.71695
46.00338 -121.71461
46.00455 -121.71227
46.00572 -121.70993
46.00689 -121.70759
46.00806 -121.70526
46.00923 -121.70292
46.01040 -121.70058
46.01157 -121.69824
46.01274 -121.69590
46.01391 -121.69356
46.01508 -121.69122
46.01625 -121.68888
46.01742 -121.68654
46.01859 -121.68421
46.01976 -121.68187
46.02093 -121.67953
46.02210 -121.67719
46.02327 -121.67485
46.02444 -121.67251
46.02561 -121.67017
46.02678 -121.66783
46.02795 -121.66549
46.02912 -121.66315
46.03029 -121.66081
46.03146 -121.65847
46.03263 -121.65613
46.03380 -121.65378
46.03497 -121.65144
46.03614 -121.64910
46.03731 -121.64676
46.03848 -121.64442
46.03965 -121.64208
46.04082 -121.63974
46.04198 -121.63740
46.04315 -121.63506
46.04432 -121.63271
46.04549 -121.63037
46.04666 -121.62803
46.04783 -121.62569
46.04900 -121.62335
46.05017 -121.62101
46.05133 -121.61866
46.05250 -121.61632
46.05367 -121.61398
46.05484 -121.61164
46.05601 -121.60929
46.05718 -121.60695
46.05835 -121.60461
46.05951 -121.60227
46.06068 -121.59992
46.06185 -121.59758
46.06302 -121.59524
46.06419 -121.59289
46.06535 -121.59055
46.06652 -121.58821
46.06769 -121.58586
46.06886 -121.58352
46.07003 -121.58118
46.07119 -121.57883
46.07236 -121.57649
46.07353 -121.57414
46.07470 -121.57180
46.07586 -121.56946
46.07703 -121.56711
46.07820 -121.56477
46.07937 -121.56242
46.08053 -121.56008
46.08170 -121.55773
46.08287 -121.55539
46.08404 -121.55304
46.08520 -121.55070
46.08637 -121.54835
46.08754 -121.54601
46.08871 -121.54366
46.08987 -121.54132
46.09104 -121.53897
46.09221 -121.53663
46.09337 -121.53428
46.09454 -121.53194
46.09571 -121.52959
46.09687 -121.52724
46.09804 -121.52490
46.09921 -121.52255
46.10037 -121.52020
46.10154 -121.51786
46.10271 -121.51551
46.10387 -121.51317
46.10504 -121.51082
46.10621 -121.50847
46.10737 -121.50613
46.10854 -121.50378
46.10970 -121.50143
46.11087 -121.49908
46.11204 -121.49674
46.11320 -121.49439
46.11437 -121.49204
46.11553 -121.48969
46.11670 -121.48735
46.11787 -121.48500
46.11903 -121.48265
46.12020 -121.48030
46.12136 -121.47796
46.12253 -121.47561
46.12370 -121.47326
46.12486 -121.47091
46.12603 -121.46856
46.12719 -121.46621
46.12836 -121.46386
46.12952 -121.46152
46.13069 -121.45917
46.13185 -121.45682
46.13302 -121.45447
46.13418 -121.45212
46.13535 -121.44977
46.13651 -121.44742
46.13768 -121.44507
46.13884 -121.44272
46.14001 -121.44037
46.14117 -121.43802
46.14234 -121.43567
46.14350 -121.43332
46.14467 -121.43097
46.14583 -121.42862
46.14700 -121.42627
46.14816 -121.42392
46.14933 -121.42157
46.15049 -121.41922
46.15166 -121.41687
46.15282 -121.41452
46.15398 -121.41217
46.15515 -121.40982
46.15631 -121.40747
46.15748 -121.40512
46.15864 -121.40276
46.15981 -121.40041
46.16097 -121.39806
46.16213 -121.39571
46.16330 -121.39336
46.16446 -121.39101
46.16563 -121.38866
46.16679 -121.38630
46.16795 -121.38395
46.16912 -121.38160
46.17028 -121.37925
46.17144 -121.37689
46.17261 -121.37454
46.17377 -121.37219
46.17493 -121.36984
46.17610 -121.36748
46.17726 -121.36513
46.17842 -121.36278
46.17959 -121.36043
46.18075 -121.35807
46.18191 -121.35572
46.18308 -121.35337
46.18424 -121.35101
46.18540 -121.34866
46.18657 -121.34631
46.18773 -121.34395
46.18889 -121.34160
46.19006 -121.33924
46.19122 -121.33689
46.19238 -121.33454
46.19354 -121.33218
46.19471 -121.32983
46.19587 -121.32747
46.19703 -121.32512
46.19819 -121.32276
46.19936 -121.32041
46.20052 -121.31805
46.20168 -121.31570
46.20284 -121.31334
46.20401 -121.31099
46.20517 -121.30863
46.20633 -121.30628
46.20749 -121.30392
46.20865 -121.30157
46.20982 -121.29921
46.21098 -121.29686
46.21214 -121.29450
46.21330 -121.29215
46.21446 -121.28979
46.21563 -121.28743
46.21679 -121.28508
46.21795 -121.28272
46.21911 -121.28036
46.22027 -121.27801
46.22143 -121.27565
46.22260 -121.27329
46.22376 -121.27094
46.22492 -121.26858
46.22608 -121.26622
46.22724 -121.26387
46.22840 -121.26151
46.22956 -121.25915
46.23073 -121.25679
46.23189 -121.25444
46.23305 -121.25208
46.23421 -121.24972
46.23537 -121.24736
46.23653 -121.24501
46.23769 -121.24265
46.23885 -121.24029
46.24001 -121.23793
46.24117 -121.23557
46.24233 -121.23322
46.24349 -121.23086
46.24466 -121.22850
46.24582 -121.22614
46.24698 -121.22378
46.24814 -121.22142
46.24930 -121.21906
46.25046 -121.21670
46.25162 -121.21434
46.25278 -121.21199
46.25394 -121.20963
46.25510 -121.20727
46.25626 -121.20491
46.25742 -121.20255
46.25858 -121.20019
46.25974 -121.19783
46.26090 -121.19547
46.26206 -121.19311
46.26322 -121.19075
46.26438 -121.18839
46.26554 -121.18603
46.26670 -121.18367
46.26786 -121.18131
46.26902 -121.17895
46.27018 -121.17658
46.27133 -121.17422
46.27249 -121.17186
46.27365 -121.16950
46.27481 -121.16714
46.27597 -121.16478
46.27713 -121.16242
46.27829 -121.16006
46.27945 -121.15769
46.28061 -121.15533
46.28177 -121.15297
46.28293 -121.15061
46.28409 -121.14825
46.28524 -121.14589
46.28640 -121.14352
46.28756 -121.14116
46.28872 -121.13880
46.28988 -121.13644
46.29104 -121.13407
46.29220 -121.13171
46.29335 -121.12935
46.29451 -121.12699
46.29567 -121.12462
46.29683 -121.12226
46.29799 -121.11990
46.29915 -121.11753
46.30030 -121.11517
46.30146 -121.11281
46.30262 -121.11044
46.30378 -121.10808
46.30494 -121.10572
46.30609 -121.10335
46.30725 -121.10099
46.30841 -121.09862
46.30957 -121.09626
46.31073 -121.09389
46.31188 -121.09153
46.31304 -121.08917
46.31420 -121.08680
46.31536 -121.08444
46.31651 -121.08207
46.31767 -121.07971
46.31883 -121.07734
46.31999 -121.07498
46.32114 -121.07261
46.32230 -121.07025
46.32346 -121.06788
46.32462 -121.06552
46.32577 -121.06315
46.32693 -121.06078
46.32809 -121.05842
46.32924 -121.05605
46.33040 -121.05369
46.33156 -121.05132
46.33271 -121.04896
46.33387 -121.04659
46.33503 -121.04422
46.33618 -121.04186
46.33734 -121.03949
46.33850 -121.03712
46.33965 -121.03476
46.34081 -121.03239
46.34197 -121.03002
46.34312 -121.02766
46.34428 -121.02529
46.34544 -121.02292
46.34659 -121.02055
46.34775 -121.01819
46.34891 -121.01582
46.35006 -121.01345
46.35122 -121.01108
46.35237 -121.00872
46.35353 -121.00635
46.35469 -121.00398
46.35584 -121.00161
46.35700 -120.99924
46.35815 -120.99687
46.35931 -120.99451
46.36046 -120.99214
46.36162 -120.98977
46.36278 -120.98740
46.36393 -120.98503
46.36509 -120.98266
46.36624 -120.98029
46.36740 -120.97792
46.36855 -120.97555
46.36971 -120.97319
46.37086 -120.97082
46.37202 -120.96845
46.37317 -120.96608
46.37433 -120.96371
46.37548 -120.96134
46.37664 -120.95897
46.37779 -120.95660
46.37895 -120.95423
46.38010 -120.95186
46.38126 -120.94949
46.38241 -120.94712
46.38357 -120.94475
46.38472 -120.94237
46.38588 -120.94000
46.38703 -120.93763
46.38818 -120.93526
46.38934 -120.93289
46.39049 -120.93052
46.39165 -120.92815
46.39280 -120.92578
46.39396 -120.92341
46.39511 -120.92103
46.39626 -120.91866
46.39742 -120.91629
46.39857 -120.91392
46.39973 -120.91155
46.40088 -120.90918
46.40203 -120.90680
46.40319 -120.90443
46.40434 -120.90206
46.40550 -120.89969
46.40665 -120.89731
46.40780 -120.89494
46.40896 -120.89257
46.41011 -120.89020
46.41126 -120.88782
46.41242 -120.88545
46.41357 -120.88308
46.41472 -120.88070
46.41588 -120.87833
46.41703 -120.87596
46.41818 -120.87358
46.41934 -120.87121
46.42049 -120.86884
46.42164 -120.86646
46.42280 -120.86409
46.42395 -120.86171
46.42510 -120.85934
46.42625 -120.85697
46.42741 -120.85459
46.42856 -120.85222
46.42971 -120.84984
46.43087 -120.84747
46.43202 -120.84509
46.43317 -120.84272
46.43432 -120.84034
46.43548 -120.83797
46.43663 -120.83559
46.43778 -120.83322
46.43893 -120.83084
46.44008 -120.82847
46.44124 -120.82609
46.44239 -120.82372
46.44354 -120.82134
46.44469 -120.81896
46.44585 -120.81659
46.44700 -120.81421
46.44815 -120.81184
46.44930 -120.80946
46.45045 -120.80708
46.45160 -120.80471
46.45276 -120.80233
46.45391 -120.79995
46.45506 -120.79758
46.45621 -120.79520
46.45736 -120.79282
46.45851 -120.79045
46.45967 -120.78807
46.46082 -120.78569
46.46197 -120.78331
46.46312 -120.78094
46.46427 -120.77856
46.46542 -120.77618
46.46657 -120.77380
46.46772 -120.77143
46.46888 -120.76905
46.47003 -120.76667
46.47118 -120.76429
46.47233 -120.76191
46.47348 -120.75953
46.47463 -120.75716
46.47578 -120.75478
46.47693 -120.75240
46.47808 -120.75002
46.47923 -120.74764
46.48038 -120.74526
46.48153 -120.74288
46.48268 -120.74050
46.48383 -120.73813
46.48498 -120.73575
46.48613 -120.73337
46.48728 -120.73099
46.48843 -120.72861
46.48958 -120.72623
46.49073 -120.72385
46.49188 -120.72147
46.49303 -120.71909
46.49418 -120.71671
46.49533 -120.71433
46.49648 -120.71195
46.49763 -120.70957
46.49878 -120.70719
46.49993 -120.70481
46.50108 -120.70242
46.50223 -120.70004
46.50338 -120.69766
46.50453 -120.69528
46.50568 -120.69290
46.50683 -120.69052
46.50798 -120.68814
46.50913 -120.68576
46.51028 -120.68337
46.51143 -120.68099
46.51258 -120.67861
46.51373 -120.67623
46.51487 -120.67385
46.51602 -120.67147
46.51717 -120.66908
46.51832 -120.66670
46.51947 -120.66432
46.52062 -120.66194
46.52177 -120.65955
46.52292 -120.65717
46.52406 -120.65479
46.52521 -120.65241
46.52636 -120.65002
46.52751 -120.64764
46.52866 -120.64526
46.52981 -120.64287
46.53096 -120.64049
46.53210 -120.63811
46.53325 -120.63572
46.53440 -120.63334
46.53555 -120.63095
46.53670 -120.62857
46.53784 -120.62619
46.53899 -120.62380
46.54014 -120.62142
46.54129 -120.61903
46.54244 -120.61665
46.54358 -120.61427
46.54473 -120.61188
46.54588 -120.60950
46.54703 -120.60711
46.54817 -120.60473
46.54932 -120.60234
46.55047 -120.59996
46.55162 -120.59757
46.55276 -120.59519
46.55391 -120.59280
46.55506 -120.59042
46.55621 -120.58803
46.55735 -120.58564
46.55850 -120.58326
46.55965 -120.58087
46.56079 -120.57849
46.56194 -120.57610
46.56309 -120.57371
46.56423 -120.57133
46.56538 -120.56894
46.56653 -120.56655
46.56768 -120.56417
46.56882 -120.56178
46.56997 -120.55939
46.57111 -120.55701
46.57226 -120.55462
46.57341 -120.55223
46.57352 -120.55201
