47.54344 -122.30979
47.54146 -122.31016
47.53947 -122.31053
47.53748 -122.31090
47.53549 -122.31128
47.53350 -122.31165
47.53151 -122.31202
47.52952 -122.31240
47.52753 -122.31277
47.52554 -122.31314
47.52355 -122.31352
47.52156 -122.31389
47.51957 -122.31426
47.51758 -122.31464
47.51559 -122.31501
47.51360 -122.31538
47.51161 -122.31575
47.50962 -122.31613
47.50763 -122.31650
47.50564 -122.31687
47.50365 -122.31725
47.50166 -122.31762
47.49967 -122.31799
47.49768 -122.31836
47.49569 -122.31874
47.49370 -122.31911
47.49171 -122.31948
47.48972 -122.31985
47.48773 -122.32023
47.48574 -122.32060
47.48375 -122.32097
47.48176 -122.32134
47.47977 -122.32172
47.47778 -122.32209
47.47579 -122.32246
47.47380 -122.32283
47.47181 -122.32321
47.46982 -122.32358
47.46783 -122.32395
47.46584 -122.32432
47.46385 -122.32470
47.46186 -122.32507
47.45987 -122.32544
47.45788 -122.32581
47.45589 -122.32618
47.45390 -122.32656
47.45192 -122.32693
47.44993 -122.32730
47.44794 -122.32767
47.44595 -122.32804
47.44396 -122.32842
47.44197 -122.32879
47.43998 -122.32916
47.43799 -122.32953
47.43600 -122.32990
47.43401 -122.33028
47.43202 -122.33065
47.43003 -122.33102
47.42804 -122.33139
47.42605 -122.33176
47.42406 -122.33213
47.42207 -122.33251
47.42008 -122.33288
47.41809 -122.33325
47.41610 -122.33362
47.41411 -122.33399
47.41212 -122.33436
47.41013 -122.33474
47.40814 -122.33511
47.40615 -122.33548
47.40416 -122.33585
47.40217 -122.33622
47.40018 -122.33659
47.39819 -122.33696
47.39620 -122.33734
47.39421 -122.33771
47.39222 -122.33808
47.39023 -122.33845
47.38824 -122.33882
47.38625 -122.33919
47.38426 -122.33956
47.38227 -122.33993
47.38028 -122.34030
47.37829 -122.34068
47.37630 -122.34105
47.37431 -122.34142
47.37232 -122.34179
47.37033 -122.34216
47.36834 -122.34253
47.36635 -122.34290
47.36436 -122.34327
47.36237 -122.34364
47.36038 -122.34401
47.35839 -122.34438
47.35640 -122.34475
47.35441 -122.34513
47.35242 -122.34550
47.35043 -122.34587
47.34844 -122.34624
47.34645 -122.34661
47.34446 -122.34698
47.34247 -122.34735
47.34048 -122.34772
47.33849 -122.34809
47.33650 -122.34846
47.33451 -122.34883
47.33252 -122.34920
47.33053 -122.34957
47.32854 -122.34994
47.32655 -122.35031
47.32456 -122.35068
47.32257 -122.35105
47.32058 -122.35142
47.31859 -122.35179
47.31660 -122.35216
47.31461 -122.35253
47.31262 -122.35290
47.31063 -122.35327
47.30864 -122.35364
47.30665 -122.35401
47.30466 -122.35438
47.30267 -122.35475
47.30068 -122.35512
47.29869 -122.35549
47.29670 -122.35586
47.29471 -122.35623
47.29272 -122.35660
47.29073 -122.35697
47.28874 -122.35734
47.28675 -122.35771
47.28476 -122.35808
47.28277 -122.35845
47.28078 -122.35882
47.27879 -122.35919
47.27680 -122.35956
47.27481 -122.35993
47.27282 -122.36030
47.27083 -122.36067
47.26884 -122.36104
47.26685 -122.36141
47.26486 -122.36178
47.26287 -122.36215
47.26088 -122.36252
47.25889 -122.36289
47.25690 -122.36326
47.25491 -122.36362
47.25292 -122.36399
47.25093 -122.36436
47.24894 -122.36473
47.24695 -122.36510
47.24496 -122.36547
47.24297 -122.36584
47.24098 -122.36621
47.23899 -122.36658
47.23700 -122.36695
47.23501 -122.36732
47.23302 -122.36768
47.23103 -122.36805
47.22904 -122.36842
47.22705 -122.36879
47.22506 -122.36916
47.22307 -122.36953
47.22108 -122.36990
47.21909 -122.37027
47.21710 -122.37064
47.21511 -122.37100
47.21312 -122.37137
47.21113 -122.37174
47.20914 -122.37211
47.20715 -122.37248
47.20516 -122.37285
47.20317 -122.37322
47.20118 -122.37358
47.19919 -122.37395
47.19720 -122.37432
47.19521 -122.37469
47.19322 -122.37506
47.19123 -122.37543
47.18924 -122.37580
47.18725 -122.37616
47.18526 -122.37653
47.18327 -122.37690
47.18128 -122.37727
47.17929 -122.37764
47.17730 -122.37801
47.17531 -122.37837
47.17332 -122.37874
47.17133 -122.37911
47.16934 -122.37948
47.16735 -122.37985
47.16536 -122.38021
47.16337 -122.38058
47.16138 -122.38095
47.15939 -122.38132
47.15740 -122.38169
47.15541 -122.38205
47.15342 -122.38242
47.15143 -122.38279
47.14944 -122.38316
47.14745 -122.38353
47.14546 -122.38389
47.14347 -122.38426
47.14148 -122.38463
47.13949 -122.38500
47.13750 -122.38536
47.13551 -122.38573
47.13352 -122.38610
47.13153 -122.38647
47.12954 -122.38683
47.12755 -122.38720
47.12556 -122.38757
47.12357 -122.38794
47.12158 -122.38830
47.11959 -122.38867
47.11760 -122.38904
47.11561 -122.38941
47.11362 -122.38977
47.11163 -122.39014
47.10964 -122.39051
47.10765 -122.39088
47.10566 -122.39124
47.10367 -122.39161
47.10168 -122.39198
47.09969 -122.39234
47.09770 -122.39271
47.09571 -122.39308
47.09372 -122.39345
47.09173 -122.39381
47.08974 -122.39418
47.08775 -122.39455
47.08576 -122.39491
47.08377 -122.39528
47.08178 -122.39565
47.07978 -122.39601
47.07779 -122.39638
47.07580 -122.39675
47.07381 -122.39712
47.07182 -122.39748
47.06983 -122.39785
47.06784 -122.39822
47.06585 -122.39858
47.06386 -122.39895
47.06187 -122.39932
47.05988 -122.39968
47.05789 -122.40005
47.05590 -122.40042
47.05391 -122.40078
47.05192 -122.40115
47.04993 -122.40151
47.04794 -122.40188
47.04595 -122.40225
47.04396 -122.40261
47.04197 -122.40298
47.03998 -122.40335
47.03799 -122.40371
47.03600 -122.40408
47.03401 -122.40445
47.03202 -122.40481
47.03003 -122.40518
47.02804 -122.40554
47.02605 -122.40591
47.02406 -122.40628
47.02207 -122.40664
47.02008 -122.40701
47.01809 -122.40737
47.01610 -122.40774
47.01411 -122.40811
47.01212 -122.40847
47.01013 -122.40884
47.00814 -122.40920
47.00615 -122.40957
47.00416 -122.40994
47.00217 -122.41030
47.00018 -122.41067
46.99819 -122.41103
46.99620 -122.41140
46.99421 -122.41176
46.99222 -122.41213
46.99023 -122.41250
46.98823 -122.41286
46.98624 -122.41323
46.98425 -122.41359
46.98226 -122.41396
46.98027 -122.41432
46.97828 -122.41469
46.97629 -122.41505
46.97430 -122.41542
46.97231 -122.41579
46.97032 -122.41615
46.96833 -122.41652
46.96634 -122.41688
46.96435 -122.41725
46.96236 -122.41761
46.96037 -122.41798
46.95838 -122.41834
46.95639 -122.41871
46.95440 -122.41907
46.95241 -122.41944
46.95042 -122.41980
46.94843 -122.42017
46.94644 -122.42053
46.94445 -122.42090
46.94246 -122.42126
46.94047 -122.42163
46.93848 -122.42199
46.93649 -122.42236
46.93450 -122.42272
46.93251 -122.42309
46.93052 -122.42345
46.92853 -122.42382
46.92654 -122.42418
46.92455 -122.42455
46.92256 -122.42491
46.92056 -122.42528
46.91857 -122.42564
46.91658 -122.42601
46.91459 -122.42637
46.91260 -122.42674
46.91061 -122.42710
46.90862 -122.42746
46.90663 -122.42783
46.90464 -122.42819
46.90265 -122.42856
46.90066 -122.42892
46.89867 -122.42929
46.89668 -122.42965
46.89469 -122.43002
46.89270 -122.43038
46.89071 -122.43074
46.88872 -122.43111
46.88673 -122.43147
46.88474 -122.43184
46.88275 -122.43220
46.88076 -122.43257
46.87877 -122.43293
46.87678 -122.43329
46.87479 -122.43366
46.87280 -122.43402
46.87081 -122.43439
46.86882 -122.43475
46.86683 -122.43511
46.86483 -122.43548
46.86284 -122.43584
46.86085 -122.43621
46.85886 -122.43657
46.85687 -122.43693
46.85488 -122.43730
46.85289 -122.43766
46.85090 -122.43802
46.84891 -122.43839
46.84692 -122.43875
46.84493 -122.43912
46.84294 -122.43948
46.84095 -122.43984
46.83896 -122.44021
46.83697 -122.44057
46.83498 -122.44093
46.83299 -122.44130
46.83100 -122.44166
46.82901 -122.44202
46.82702 -122.44239
46.82503 -122.44275
46.82304 -122.44311
46.82105 -122.44348
46.81906 -122.44384
46.81707 -122.44420
46.81507 -122.44457
46.81308 -122.44493
46.81109 -122.44529
46.80910 -122.44566
46.80711 -122.44602
46.80512 -122.44638
46.80313 -122.44675
46.80114 -122.44711
46.79915 -122.44747
46.79716 -122.44784
46.79517 -122.44820
46.79318 -122.44856
46.79119 -122.44893
46.78920 -122.44929
46.78721 -122.44965
46.78522 -122.45001
46.78323 -122.45038
46.78124 -122.45074
46.77925 -122.45110
46.77726 -122.45147
46.77527 -122.45183
46.77328 -122.45219
46.77129 -122.45255
46.76929 -122.45292
46.76730 -122.45328
46.76531 -122.45364
46.76332 -122.45400
46.76133 -122.45437
46.75934 -122.45473
46.75735 -122.45509
46.75536 -122.45545
46.75337 -122.45582
46.75138 -122.45618
46.74939 -122.45654
46.74740 -122.45690
46.74541 -122.45727
46.74342 -122.45763
46.74143 -122.45799
46.73944 -122.45835
46.73745 -122.45871
46.73546 -122.45908
46.73347 -122.45944
46.73148 -122.45980
46.72948 -122.46016
46.72749 -122.46053
46.72550 -122.46089
46.72351 -122.46125
46.72152 -122.46161
46.71953 -122.46197
46.71754 -122.46234
46.71555 -122.46270
46.71356 -122.46306
46.71157 -122.46342
46.70958 -122.46378
46.70759 -122.46415
46.70560 -122.46451
46.70361 -122.46487
46.70162 -122.46523
46.69963 -122.46559
46.69764 -122.46595
46.69565 -122.46632
46.69366 -122.46668
46.69167 -122.46704
46.68967 -122.46740
46.68768 -122.46776
46.68569 -122.46812
46.68370 -122.46849
46.68171 -122.46885
46.67972 -122.46921
46.67773 -122.46957
46.67574 -122.46993
46.67375 -122.47029
46.67176 -122.47065
46.66977 -122.47102
46.66778 -122.47138
46.66579 -122.47174
46.66380 -122.47210
46.66181 -122.47246
46.65982 -122.47282
46.65783 -122.47318
46.65584 -122.47354
46.65384 -122.47390
46.65185 -122.47427
46.64986 -122.47463
46.64787 -122.47499
46.64588 -122.47535
46.64389 -122.47571
46.64190 -122.47607
46.63991 -122.47643
46.63792 -122.47679
46.63593 -122.47715
46.63394 -122.47751
46.63195 -122.47788
46.62996 -122.47824
46.62797 -122.47860
46.62598 -122.47896
46.62399 -122.47932
46.62200 -122.47968
46.62000 -122.48004
46.61801 -122.48040
46.61602 -122.48076
46.61403 -122.48112
46.61204 -122.48148
46.61005 -122.48184
46.60806 -122.48220
46.60607 -122.48256
46.60408 -122.48292
46.60209 -122.48328
46.60010 -122.48365
46.59811 -122.48401
46.59612 -122.48437
46.59413 -122.48473
46.59214 -122.48509
46.59015 -122.48545
46.58815 -122.48581
46.58616 -122.48617
46.58417 -122.48653
46.58218 -122.48689
46.58019 -122.48725
46.57820 -122.48761
46.57621 -122.48797
46.57422 -122.48833
46.57223 -122.48869
46.57024 -122.48905
46.56825 -122.48941
46.56626 -122.48977
46.56427 -122.49013
46.56228 -122.49049
46.56029 -122.49085
46.55829 -122.49121
46.55630 -122.49157
46.55431 -122.49193
46.55232 -122.49229
46.55033 -122.49265
46.54834 -122.49301
46.54635 -122.49337
46.54436 -122.49373
46.54237 -122.49409
46.54038 -122.49445
46.53839 -122.49480
46.53640 -122.49516
46.53441 -122.49552
46.53242 -122.49588
46.53043 -122.49624
46.52843 -122.49660
46.52644 -122.49696
46.52445 -122.49732
46.52246 -122.49768
46.52047 -122.49804
46.51848 -122.49840
46.51649 -122.49876
46.51450 -122.49912
46.51251 -122.49948
46.51052 -122.49984
46.50853 -122.50020
46.50654 -122.50055
46.50455 -122.50091
46.50256 -122.50127
46.50056 -122.50163
46.49857 -122.50199
46.49658 -122.50235
46.49459 -122.50271
46.49260 -122.50307
46.49061 -122.50343
46.48862 -122.50379
46.48663 -122.50414
46.48464 -122.50450
46.48265 -122.50486
46.48066 -122.50522
46.47867 -122.50558
46.47668 -122.50594
46.47469 -122.50630
46.47269 -122.50666
46.47070 -122.50702
46.46871 -122.50737
46.46672 -122.50773
46.46473 -122.50809
46.46274 -122.50845
46.46075 -122.50881
46.45876 -122.50917
46.45677 -122.50953
46.45478 -122.50988
46.45279 -122.51024
46.45080 -122.51060
46.44881 -122.51096
46.44681 -122.51132
46.44482 -122.51168
46.44283 -122.51203
46.44084 -122.51239
46.43885 -122.51275
46.43686 -122.51311
46.43487 -122.51347
46.43288 -122.51383
46.43089 -122.51418
46.42890 -122.51454
46.42691 -122.51490
46.42492 -122.51526
46.42293 -122.51562
46.42093 -122.51597
46.41894 -122.51633
46.41695 -122.51669
46.41496 -122.51705
46.41297 -122.51741
46.41098 -122.51776
46.40899 -122.51812
46.40700 -122.51848
46.40501 -122.51884
46.40302 -122.51920
46.40103 -122.51955
46.39904 -122.51991
46.39705 -122.52027
46.39505 -122.52063
46.39306 -122.52098
46.39107 -122.52134
46.38908 -122.52170
46.38709 -122.52206
46.38510 -122.52241
46.38311 -122.52277
46.38112 -122.52313
46.37913 -122.52349
46.37714 -122.52384
46.37515 -122.52420
46.37316 -122.52456
46.37116 -122.52492
46.36917 -122.52527
46.36718 -122.52563
46.36519 -122.52599
46.36320 -122.52635
46.36121 -122.52670
46.35922 -122.52706
46.35723 -122.52742
46.35524 -122.52777
46.35325 -122.52813
46.35126 -122.52849
46.34927 -122.52885
46.34727 -122.52920
46.34528 -122.52956
46.34329 -122.52992
46.34130 -122.53027
46.33931 -122.53063
46.33732 -122.53099
46.33533 -122.53135
46.33334 -122.53170
46.33135 -122.53206
46.32936 -122.53242
46.32737 -122.53277
46.32537 -122.53313
46.32338 -122.53349
46.32139 -122.53384
46.31940 -122.53420
46.31741 -122.53456
46.31542 -122.53491
46.31343 -122.53527
46.31144 -122.53563
46.30945 -122.53598
46.30746 -122.53634
46.30547 -122.53670
46.30348 -122.53705
46.30148 -122.53741
46.29949 -122.53777
46.29750 -122.53812
46.29551 -122.53848
46.29352 -122.53883
46.29153 -122.53919
46.28954 -122.53955
46.28755 -122.53990
46.28556 -122.54026
46.28357 -122.54062
46.28158 -122.54097
46.27958 -122.54133
46.27759 -122.54169
46.27560 -122.54204
46.27361 -122.54240
46.27162 -122.54275
46.26963 -122.54311
46.26764 -122.54347
46.26565 -122.54382
46.26366 -122.54418
46.26167 -122.54453
46.25968 -122.54489
46.25768 -122.54525
46.25569 -122.54560
46.25370 -122.54596
46.25171 -122.54631
46.24972 -122.54667
46.24773 -122.54702
46.24574 -122.54738
46.24375 -122.54774
46.24176 -122.54809
46.23977 -122.54845
46.23777 -122.54880
46.23578 -122.54916
46.23379 -122.54951
46.23180 -122.54987
46.22981 -122.55023
46.22782 -122.55058
46.22583 -122.55094
46.22384 -122.55129
46.22185 -122.55165
46.21986 -122.55200
46.21787 -122.55236
46.21587 -122.55271
46.21388 -122.55307
46.21189 -122.55342
46.20990 -122.55378
46.20791 -122.55414
46.20592 -122.55449
46.20393 -122.55485
46.20194 -122.55520
46.19995 -122.55556
46.19796 -122.55591
46.19596 -122.55627
46.19397 -122.55662
46.19198 -122.55698
46.18999 -122.55733
46.18800 -122.55769
46.18601 -122.55804
46.18402 -122.55840
46.18203 -122.55875
46.18004 -122.55911
46.17805 -122.55946
46.17605 -122.55982
46.17406 -122.56017
46.17207 -122.56053
46.17008 -122.56088
46.16809 -122.56124
46.16610 -122.56159
46.16411 -122.56194
46.16212 -122.56230
46.16013 -122.56265
46.15814 -122.56301
46.15614 -122.56336
46.15415 -122.56372
46.15216 -122.56407
46.15017 -122.56443
46.14818 -122.56478
46.14619 -122.56514
46.14420 -122.56549
46.14221 -122.56584
46.14022 -122.56620
46.13822 -122.56655
46.13623 -122.56691
46.13424 -122.56726
46.13225 -122.56762
46.13026 -122.56797
46.12827 -122.56833
46.12628 -122.56868
46.12429 -122.56903
46.12230 -122.56939
46.12031 -122.56974
46.11831 -122.57010
46.11632 -122.57045
46.11433 -122.57080
46.11234 -122.57116
46.11035 -122.57151
46.10836 -122.57187
46.10637 -122.57222
46.10438 -122.57257
46.10239 -122.57293
46.10039 -122.57328
46.09840 -122.57364
46.09641 -122.57399
46.09442 -122.57434
46.09243 -122.57470
46.09044 -122.57505
46.08845 -122.57540
46.08646 -122.57576
46.08447 -122.57611
46.08247 -122.57647
46.08048 -122.57682
46.07849 -122.57717
46.07650 -122.57753
46.07451 -122.57788
46.07252 -122.57823
46.07053 -122.57859
46.06854 -122.57894
46.06655 -122.57929
46.06456 -122.57965
46.06256 -122.58000
46.06057 -122.58035
46.05858 -122.58071
46.05659 -122.58106
46.05460 -122.58141
46.05261 -122.58177
46.05062 -122.58212
46.04863 -122.58247
46.04663 -122.58283
46.04464 -122.58318
46.04265 -122.58353
46.04066 -122.58389
46.03867 -122.58424
46.03668 -122.58459
46.03469 -122.58495
46.03270 -122.58530
46.03071 -122.58565
46.02871 -122.58601
46.02672 -122.58636
46.02473 -122.58671
46.02274 -122.58706
46.02075 -122.58742
46.01876 -122.58777
46.01677 -122.58812
46.01478 -122.58848
46.01279 -122.58883
46.01079 -122.58918
46.00880 -122.58953
46.00681 -122.58989
46.00482 -122.59024
46.00283 -122.59059
46.00084 -122.59094
45.99885 -122.59130
45.99686 -122.59165
45.99487 -122.59200
45.99287 -122.59235
45.99088 -122.59271
45.98889 -122.59306
45.98690 -122.59341
45.98491 -122.59376
45.98292 -122.59412
45.98093 -122.59447
45.97894 -122.59482
45.97694 -122.59517
45.97495 -122.59553
45.97296 -122.59588
45.97097 -122.59623
45.96898 -122.59658
45.96699 -122.59694
45.96500 -122.59729
45.96301 -122.59764
45.96101 -122.59799
45.95902 -122.59834
45.95703 -122.59870
45.95504 -122.59905
45.95305 -122.59940
45.95106 -122.59975
45.94907 -122.60010
45.94708 -122.60046
45.94509 -122.60081
45.94309 -122.60116
45.94110 -122.60151
45.93911 -122.60186
45.93712 -122.60222
45.93513 -122.60257
45.93314 -122.60292
45.93115 -122.60327
45.92916 -122.60362
45.92716 -122.60397
45.92517 -122.60433
45.92318 -122.60468
45.92119 -122.60503
45.91920 -122.60538
45.91721 -122.60573
45.91522 -122.60608
45.91323 -122.60644
45.91123 -122.60679
45.90924 -122.60714
45.90725 -122.60749
45.90526 -122.60784
45.90327 -122.60819
45.90128 -122.60854
45.89929 -122.60890
45.89730 -122.60925
45.89530 -122.60960
45.89331 -122.60995
45.89132 -122.61030
45.88933 -122.61065
45.88734 -122.61100
45.88535 -122.61135
45.88336 -122.61170
45.88137 -122.61206
45.87937 -122.61241
45.87738 -122.61276
45.87539 -122.61311
45.87340 -122.61346
45.87141 -122.61381
45.86942 -122.61416
45.86743 -122.61451
45.86544 -122.61486
45.86344 -122.61521
45.86145 -122.61557
45.85946 -122.61592
45.85747 -122.61627
45.85548 -122.61662
45.85349 -122.61697
45.85150 -122.61732
45.84950 -122.61767
45.84751 -122.61802
45.84552 -122.61837
45.84353 -122.61872
45.84154 -122.61907
45.83955 -122.61942
45.83756 -122.61977
45.83557 -122.62012
45.83357 -122.62048
45.83158 -122.62083
45.82959 -122.62118
45.82760 -122.62153
45.82561 -122.62188
45.82362 -122.62223
45.82163 -122.62258
45.81964 -122.62293
45.81764 -122.62328
45.81565 -122.62363
45.81366 -122.62398
45.81167 -122.62433
45.80968 -122.62468
45.80769 -122.62503
45.80570 -122.62538
45.80370 -122.62573
45.80171 -122.62608
45.79972 -122.62643
45.79773 -122.62678
45.79574 -122.62713
45.79375 -122.62748
45.79176 -122.62783
45.78976 -122.62818
45.78777 -122.62853
45.78578 -122.62888
45.78379 -122.62923
45.78180 -122.62958
45.77981 -122.62993
45.77782 -122.63028
45.77583 -122.63063
45.77383 -122.63098
45.77184 -122.63133
45.76985 -122.63168
45.76786 -122.63203
45.76587 -122.63238
45.76388 -122.63273
45.76189 -122.63308
45.75989 -122.63343
45.75790 -122.63378
45.75591 -122.63413
45.75392 -122.63448
45.75193 -122.63482
45.74994 -122.63517
45.74795 -122.63552
45.74595 -122.63587
45.74396 -122.63622
45.74197 -122.63657
45.73998 -122.63692
45.73799 -122.63727
45.73600 -122.63762
45.73401 -122.63797
45.73201 -122.63832
45.73002 -122.63867
45.72803 -122.63902
45.72604 -122.63937
45.72405 -122.63972
45.72206 -122.64006
45.72007 -122.64041
45.71807 -122.64076
45.71608 -122.64111
45.71409 -122.64146
45.71210 -122.64181
45.71011 -122.64216
45.70812 -122.64251
45.70613 -122.64286
45.70413 -122.64321
45.70214 -122.64355
45.70015 -122.64390
45.69816 -122.64425
45.69617 -122.64460
45.69418 -122.64495
45.69219 -122.64530
45.69019 -122.64565
45.68820 -122.64600
45.68621 -122.64634
45.68422 -122.64669
45.68223 -122.64704
45.68024 -122.64739
45.67825 -122.64774
45.67625 -122.64809
45.67426 -122.64844
45.67227 -122.64878
45.67028 -122.64913
45.66829 -122.64948
45.66630 -122.64983
45.66431 -122.65018
45.66231 -122.65053
45.66032 -122.65087
45.65833 -122.65122
45.65634 -122.65157
45.65435 -122.65192
45.65236 -122.65227
45.65037 -122.65262
45.64837 -122.65296
45.64638 -122.65331
45.64439 -122.65366
45.64240 -122.65401
45.64041 -122.65436
45.63842 -122.65471
45.63643 -122.65505
45.63443 -122.65540
45.63244 -122.65575
45.63045 -122.65610
45.62846 -122.65645
45.62647 -122.65679
45.62448 -122.65714
45.62248 -122.65749
45.62049 -122.65784
45.61850 -122.65818
45.61651 -122.65853
45.61452 -122.65888
45.61253 -122.65923
45.61054 -122.65958
45.60854 -122.65992
45.60655 -122.66027
45.60456 -122.66062
45.60257 -122.66097
45.60058 -122.66131
45.59859 -122.66166
45.59660 -122.66201
45.59460 -122.66236
45.59261 -122.66270
45.59062 -122.66305
45.58863 -122.66340
45.58664 -122.66375
45.58465 -122.66409
45.58265 -122.66444
45.58066 -122.66479
45.57867 -122.66514
45.57668 -122.66548
45.57469 -122.66583
45.57270 -122.66618
45.57071 -122.66653
45.56871 -122.66687
45.56672 -122.66722
45.56473 -122.66757
45.56274 -122.66791
45.56075 -122.66826
45.55876 -122.66861
45.55676 -122.66896
45.55477 -122.66930
45.55278 -122.66965
45.55079 -122.67000
45.54880 -122.67034
45.54681 -122.67069
45.54481 -122.67104
45.54282 -122.67138
45.54083 -122.67173
45.53884 -122.67208
45.53685 -122.67242
45.53486 -122.67277
45.53287 -122.67312
45.53087 -122.67346
45.52888 -122.67381
45.52689 -122.67416
45.52490 -122.67451
45.52291 -122.67485
45.52092 -122.67520
45.51892 -122.67554
45.51693 -122.67589
45.51494 -122.67624
45.51350 -122.67649
