47.40533 -121.41667
47.40352 -121.41792
47.40170 -121.41918
47.39989 -121.42044
47.39807 -121.42169
47.39626 -121.42295
47.39444 -121.42421
47.39263 -121.42546
47.39081 -121.42672
47.38899 -121.42797
47.38718 -121.42923
47.38536 -121.43048
47.38355 -121.43174
47.38173 -121.43300
47.37992 -121.43425
47.37810 -121.43551
47.37629 -121.43676
47.37447 -121.43802
47.37266 -121.43927
47.37084 -121.44053
47.36902 -121.44178
47.36721 -121.44304
47.36539 -121.44429
47.36358 -121.44555
47.36176 -121.44680
47.35995 -121.44806
47.35813 -121.44931
47.35631 -121.45057
47.35450 -121.45182
47.35268 -121.45307
47.35087 -121.45433
47.34905 -121.45558
47.34724 -121.45684
47.34542 -121.45809
47.34360 -121.45934
47.34179 -121.46060
47.33997 -121.46185
47.33816 -121.46310
47.33634 -121.46436
47.33453 -121.46561
47.33271 -121.46686
47.33089 -121.46812
47.32908 -121.46937
47.32726 -121.47062
47.32545 -121.47188
47.32363 -121.47313
47.32181 -121.47438
47.32000 -121.47563
47.31818 -121.47689
47.31637 -121.47814
47.31455 -121.47939
47.31273 -121.48064
47.31092 -121.48190
47.30910 -121.48315
47.30729 -121.48440
47.30547 -121.48565
47.30365 -121.48690
47.30184 -121.48816
47.30002 -121.48941
47.29821 -121.49066
47.29639 -121.49191
47.29457 -121.49316
47.29276 -121.49441
47.29094 -121.49566
47.28912 -121.49692
47.28731 -121.49817
47.28549 -121.49942
47.28368 -121.50067
47.28186 -121.50192
47.28004 -121.50317
47.27823 -121.50442
47.27641 -121.50567
47.27459 -121.50692
47.27278 -121.50817
47.27096 -121.50942
47.26915 -121.51067
47.26733 -121.51192
47.26551 -121.51317
47.26370 -121.51442
47.26188 -121.51567
47.26006 -121.51692
47.25825 -121.51817
47.25643 -121.51942
47.25461 -121.52067
47.25280 -121.52192
47.25098 -121.52317
47.24916 -121.52442
47.24735 -121.52567
47.24553 -121.52692
47.24371 -121.52817
47.24190 -121.52942
47.24008 -121.53067
47.23826 -121.53191
47.23645 -121.53316
47.23463 -121.53441
47.23282 -121.53566
47.23100 -121.53691
47.22918 -121.53816
47.22737 -121.53941
47.22555 -121.54065
47.22373 -121.54190
47.22191 -121.54315
47.22010 -121.54440
47.21828 -121.54565
47.21646 -121.54689
47.21465 -121.54814
47.21283 -121.54939
47.21101 -121.55064
47.20920 -121.55188
47.20738 -121.55313
47.20556 -121.55438
47.20375 -121.55563
47.20193 -121.55687
47.20011 -121.55812
47.19830 -121.55937
47.19648 -121.56061
47.19466 -121.56186
47.19285 -121.56311
47.19103 -121.56435
47.18921 -121.56560
47.18739 -121.56685
47.18558 -121.56809
47.18376 -121.56934
47.18194 -121.57058
47.18013 -121.57183
47.17831 -121.57308
47.17649 -121.57432
47.17467 -121.57557
47.17286 -121.57681
47.17104 -121.57806
47.16922 -121.57931
47.16741 -121.58055
47.16559 -121.58180
47.16377 -121.58304
47.16195 -121.58429
47.16014 -121.58553
47.15832 -121.58678
47.15650 -121.58802
47.15469 -121.58927
47.15287 -121.59051
47.15105 -121.59176
47.14923 -121.59300
47.14742 -121.59425
47.14560 -121.59549
47.14378 -121.59673
47.14196 -121.59798
47.14015 -121.59922
47.13833 -121.60047
47.13651 -121.60171
47.13470 -121.60295
47.13288 -121.60420
47.13106 -121.60544
47.12924 -121.60669
47.12743 -121.60793
47.12561 -121.60917
47.12379 -121.61042
47.12197 -121.61166
47.12016 -121.61290
47.11834 -121.61415
47.11652 -121.61539
47.11470 -121.61663
47.11289 -121.61788
47.11107 -121.61912
47.10925 -121.62036
47.10743 -121.62160
47.10561 -121.62285
47.10380 -121.62409
47.10198 -121.62533
47.10016 -121.62657
47.09834 -121.62782
47.09653 -121.62906
47.09471 -121.63030
47.09289 -121.63154
47.09107 -121.63278
47.08926 -121.63403
47.08744 -121.63527
47.08562 -121.63651
47.08380 -121.63775
47.08198 -121.63899
47.08017 -121.64023
47.07835 -121.64148
47.07653 -121.64272
47.07471 -121.64396
47.07289 -121.64520
47.07108 -121.64644
47.06926 -121.64768
47.06744 -121.64892
47.06562 -121.65016
47.06381 -121.65140
47.06199 -121.65264
47.06017 -121.65388
47.05835 -121.65512
47.05653 -121.65636
47.05472 -121.65760
47.05290 -121.65884
47.05108 -121.66008
47.04926 -121.66132
47.04744 -121.66256
47.04562 -121.66380
47.04381 -121.66504
47.04199 -121.66628
47.04017 -121.66752
47.03835 -121.66876
47.03653 -121.67000
47.03472 -121.67124
47.03290 -121.67248
47.03108 -121.67372
47.02926 -121.67496
47.02744 -121.67620
47.02562 -121.67744
47.02381 -121.67868
47.02199 -121.67991
47.02017 -121.68115
47.01835 -121.68239
47.01653 -121.68363
47.01471 -121.68487
47.01290 -121.68611
47.01108 -121.68734
47.00926 -121.68858
47.00744 -121.68982
47.00562 -121.69106
47.00380 -121.69230
47.00199 -121.69353
47.00017 -121.69477
46.99835 -121.69601
46.99653 -121.69725
46.99471 -121.69848
46.99289 -121.69972
46.99108 -121.70096
46.98926 -121.70220
46.98744 -121.70343
46.98562 -121.70467
46.98380 -121.70591
46.98198 -121.70714
46.98016 -121.70838
46.97835 -121.70962
46.97653 -121.71085
46.97471 -121.71209
46.97289 -121.71333
46.97107 -121.71456
46.96925 -121.71580
46.96743 -121.71704
46.96561 -121.71827
46.96380 -121.71951
46.96198 -121.72074
46.96016 -121.72198
46.95834 -121.72322
46.95652 -121.72445
46.95470 -121.72569
46.95288 -121.72692
46.95106 -121.72816
46.94925 -121.72939
46.94743 -121.73063
46.94561 -121.73186
46.94379 -121.73310
46.94197 -121.73433
46.94015 -121.73557
46.93833 -121.73680
46.93651 -121.73804
46.93469 -121.73927
46.93288 -121.74051
46.93106 -121.74174
46.92924 -121.74298
46.92742 -121.74421
46.92560 -121.74545
46.92378 -121.74668
46.92196 -121.74791
46.92014 -121.74915
46.91832 -121.75038
46.91650 -121.75162
46.91468 -121.75285
46.91287 -121.75408
46.91105 -121.75532
46.90923 -121.75655
46.90741 -121.75778
46.90559 -121.75902
46.90377 -121.76025
46.90195 -121.76148
46.90013 -121.76272
46.89831 -121.76395
46.89649 -121.76518
46.89467 -121.76642
46.89285 -121.76765
46.89104 -121.76888
46.88922 -121.77011
46.88740 -121.77135
46.88558 -121.77258
46.88376 -121.77381
46.88194 -121.77504
46.88012 -121.77628
46.87830 -121.77751
46.87648 -121.77874
46.87466 -121.77997
46.87284 -121.78120
46.87102 -121.78243
46.86920 -121.78367
46.86738 -121.78490
46.86556 -121.78613
46.86374 -121.78736
46.86192 -121.78859
46.86011 -121.78982
46.85829 -121.79105
46.85647 -121.79229
46.85465 -121.79352
46.85283 -121.79475
46.85101 -121.79598
46.84919 -121.79721
46.84737 -121.79844
46.84555 -121.79967
46.84373 -121.80090
46.84191 -121.80213
46.84009 -121.80336
46.83827 -121.80459
46.83645 -121.80582
46.83463 -121.80705
46.83281 -121.80828
46.83099 -121.80951
46.82917 -121.81074
46.82735 -121.81197
46.82553 -121.81320
46.82371 -121.81443
46.82189 -121.81566
46.82007 -121.81689
46.81825 -121.81812
46.81643 -121.81935
46.81461 -121.82058
46.81279 -121.82181
46.81097 -121.82304
46.80915 -121.82427
46.80733 -121.82549
46.80551 -121.82672
46.80369 -121.82795
46.80187 -121.82918
46.80005 -121.83041
46.79823 -121.83164
46.79641 -121.83287
46.79459 -121.83409
46.79277 -121.83532
46.79095 -121.83655
46.78913 -121.83778
46.78731 -121.83901
46.78549 -121.84023
46.78367 -121.84146
46.78185 -121.84269
46.78003 -121.84392
46.77821 -121.84514
46.77639 -121.84637
46.77457 -121.84760
46.77275 -121.84883
46.77093 -121.85005
46.76911 -121.85128
46.76729 -121.85251
46.76547 -121.85373
46.76365 -121.85496
46.76183 -121.85619
46.76001 -121.85742
46.75819 -121.85864
46.75637 -121.85987
46.75455 -121.86109
46.75273 -121.86232
46.75091 -121.86355
46.74909 -121.86477
46.74727 -121.86600
46.74545 -121.86723
46.74363 -121.86845
46.74181 -121.86968
46.73999 -121.87090
46.73817 -121.87213
46.73635 -121.87335
46.73453 -121.87458
46.73270 -121.87581
46.73088 -121.87703
46.72906 -121.87826
46.72724 -121.87948
46.72542 -121.88071
46.72360 -121.88193
46.72178 -121.88316
46.71996 -121.88438
46.71814 -121.88561
46.71632 -121.88683
46.71450 -121.88806
46.71268 -121.88928
46.71086 -121.89050
46.70904 -121.89173
46.70722 -121.89295
46.70540 -121.89418
46.70358 -121.89540
46.70175 -121.89663
46.69993 -121.89785
46.69811 -121.89907
46.69629 -121.90030
46.69447 -121.90152
46.69265 -121.90275
46.69083 -121.90397
46.68901 -121.90519
46.68719 -121.90642
46.68537 -121.90764
46.68355 -121.90886
46.68173 -121.91009
46.67990 -121.91131
46.67808 -121.91253
46.67626 -121.91375
46.67444 -121.91498
46.67262 -121.91620
46.67080 -121.91742
46.66898 -121.91865
46.66716 -121.91987
46.66534 -121.92109
46.66352 -121.92231
46.66170 -121.92353
46.65987 -121.92476
46.65805 -121.92598
46.65623 -121.92720
46.65441 -121.92842
46.65259 -121.92964
46.65077 -121.93087
46.64895 -121.93209
46.64713 -121.93331
46.64531 -121.93453
46.64348 -121.93575
46.64166 -121.93697
46.63984 -121.93820
46.63802 -121.93942
46.63620 -121.94064
46.63438 -121.94186
46.63256 -121.94308
46.63074 -121.94430
46.62891 -121.94552
46.62709 -121.94674
46.62527 -121.94796
46.62345 -121.94918
46.62163 -121.95040
46.61981 -121.95162
46.61799 -121.95284
46.61617 -121.95406
46.61434 -121.95528
46.61252 -121.95650
46.61070 -121.95772
46.60888 -121.95894
46.60706 -121.96016
46.60524 -121.96138
46.60342 -121.96260
46.60159 -121.96382
46.59977 -121.96504
46.59795 -121.96626
46.59613 -121.96748
46.59431 -121.96870
46.59249 -121.96992
46.59067 -121.97114
46.58884 -121.97236
46.58702 -121.97358
46.58520 -121.97480
46.58338 -121.97601
46.58156 -121.97723
46.57974 -121.97845
46.57791 -121.97967
46.57609 -121.98089
46.57427 -121.98211
46.57245 -121.98332
46.57063 -121.98454
46.56881 -121.98576
46.56698 -121.98698
46.56516 -121.98820
46.56334 -121.98941
46.56152 -121.99063
46.55970 -121.99185
46.55787 -121.99307
46.55605 -121.99429
46.55423 -121.99550
46.55241 -121.99672
46.55059 -121.99794
46.54877 -121.99915
46.54694 -122.00037
46.54512 -122.00159
46.54330 -122.00281
46.54148 -122.00402
46.53966 -122.00524
46.53783 -122.00646
46.53601 -122.00767
46.53419 -122.00889
46.53237 -122.01011
46.53055 -122.01132
46.52872 -122.01254
46.52690 -122.01375
46.52508 -122.01497
46.52326 -122.01619
46.52144 -122.01740
46.51961 -122.01862
46.51779 -122.01983
46.51597 -122.02105
46.51415 -122.02227
46.51233 -122.02348
46.51050 -122.02470
46.50868 -122.02591
46.50686 -122.02713
46.50504 -122.02834
46.50322 -122.02956
46.50139 -122.03077
46.49957 -122.03199
46.49775 -122.03320
46.49593 -122.03442
46.49410 -122.03563
46.49228 -122.03685
46.49046 -122.03806
46.48864 -122.03928
46.48681 -122.04049
46.48499 -122.04170
46.48317 -122.04292
46.48135 -122.04413
46.47953 -122.04535
46.47770 -122.04656
46.47588 -122.04778
46.47406 -122.04899
46.47224 -122.05020
46.47041 -122.05142
46.46859 -122.05263
46.46677 -122.05384
46.46495 -122.05506
46.46312 -122.05627
46.46130 -122.05748
46.45948 -122.05870
46.45766 -122.05991
46.45583 -122.06112
46.45401 -122.06234
46.45219 -122.06355
46.45037 -122.06476
46.44854 -122.06597
46.44672 -122.06719
46.44490 -122.06840
46.44308 -122.06961
46.44125 -122.07082
46.43943 -122.07204
46.43761 -122.07325
46.43578 -122.07446
46.43396 -122.07567
46.43214 -122.07689
46.43032 -122.07810
46.42849 -122.07931
46.42667 -122.08052
46.42485 -122.08173
46.42303 -122.08294
46.42120 -122.08416
46.41938 -122.08537
46.41756 -122.08658
46.41573 -122.08779
46.41391 -122.08900
46.41209 -122.09021
46.41027 -122.09142
46.40844 -122.09263
46.40662 -122.09385
46.40480 -122.09506
46.40297 -122.09627
46.40115 -122.09748
46.39933 -122.09869
46.39750 -122.09990
46.39568 -122.10111
46.39386 -122.10232
46.39204 -122.10353
46.39021 -122.10474
46.38839 -122.10595
46.38657 -122.10716
46.38474 -122.10837
46.38292 -122.10958
46.38110 -122.11079
46.37927 -122.11200
46.37745 -122.11321
46.37563 -122.11442
46.37380 -122.11563
46.37198 -122.11684
46.37016 -122.11805
46.36834 -122.11925
46.36651 -122.12046
46.36469 -122.12167
46.36287 -122.12288
46.36104 -122.12409
46.35922 -122.12530
46.35740 -122.12651
46.35557 -122.12772
46.35375 -122.12893
46.35193 -122.13013
46.35010 -122.13134
46.34828 -122.13255
46.34646 -122.13376
46.34463 -122.13497
46.34281 -122.13617
46.34099 -122.13738
46.33916 -122.13859
46.33734 -122.13980
46.33552 -122.14101
46.33369 -122.14221
46.33187 -122.14342
46.33005 -122.14463
46.32822 -122.14584
46.32640 -122.14704
46.32457 -122.14825
46.32275 -122.14946
46.32093 -122.15066
46.31910 -122.15187
46.31728 -122.15308
46.31546 -122.15429
46.31363 -122.15549
46.31181 -122.15670
46.30999 -122.15791
46.30816 -122.15911
46.30634 -122.16032
46.30452 -122.16152
46.30269 -122.16273
46.30087 -122.16394
46.29904 -122.16514
46.29722 -122.16635
46.29540 -122.16756
46.29357 -122.16876
46.29175 -122.16997
46.28993 -122.17117
46.28810 -122.17238
46.28628 -122.17358
46.28445 -122.17479
46.28263 -122.17600
46.28081 -122.17720
46.27898 -122.17841
46.27716 -122.17961
46.27533 -122.18082
46.27351 -122.18202
46.27169 -122.18323
46.26986 -122.18443
46.26804 -122.18564
46.26622 -122.18684
46.26439 -122.18804
46.26257 -122.18925
46.26074 -122.19045
46.25892 -122.19166
46.25710 -122.19286
46.25527 -122.19407
46.25345 -122.19527
46.25162 -122.19647
46.24980 -122.19768
46.24798 -122.19888
46.24615 -122.20009
46.24433 -122.20129
46.24250 -122.20249
46.24068 -122.20370
46.23885 -122.20490
46.23703 -122.20610
46.23521 -122.20731
46.23338 -122.20851
46.23156 -122.20971
46.22973 -122.21092
46.22791 -122.21212
46.22609 -122.21332
46.22426 -122.21453
46.22244 -122.21573
46.22061 -122.21693
46.21879 -122.21813
46.21696 -122.21934
46.21514 -122.22054
46.21332 -122.22174
46.21149 -122.22294
46.20967 -122.22415
46.20784 -122.22535
46.20602 -122.22655
46.20419 -122.22775
46.20237 -122.22895
46.20054 -122.23016
46.19872 -122.23136
46.19690 -122.23256
46.19507 -122.23376
46.19325 -122.23496
46.19142 -122.23616
46.18960 -122.23736
46.18777 -122.23857
46.18595 -122.23977
46.18412 -122.24097
46.18230 -122.24217
46.18048 -122.24337
46.17865 -122.24457
46.17683 -122.24577
46.17500 -122.24697
46.17318 -122.24817
46.17135 -122.24937
46.16953 -122.25057
46.16770 -122.25177
46.16588 -122.25297
46.16405 -122.25417
46.16223 -122.25538
46.16040 -122.25658
46.15858 -122.25778
46.15676 -122.25898
46.15493 -122.26017
46.15311 -122.26137
46.15128 -122.26257
46.14946 -122.26377
46.14763 -122.26497
46.14581 -122.26617
46.14398 -122.26737
46.14216 -122.26857
46.14033 -122.26977
46.13851 -122.27097
46.13668 -122.27217
46.13486 -122.27337
46.13303 -122.27457
46.13121 -122.27577
46.12938 -122.27696
46.12756 -122.27816
46.12573 -122.27936
46.12391 -122.28056
46.12208 -122.28176
46.12026 -122.28296
46.11843 -122.28415
46.11661 -122.28535
46.11478 -122.28655
46.11296 -122.28775
46.11113 -122.28895
46.10931 -122.29014
46.10748 -122.29134
46.10566 -122.29254
46.10383 -122.29374
46.10201 -122.29494
46.10018 -122.29613
46.09836 -122.29733
46.09653 -122.29853
46.09471 -122.29972
46.09288 -122.30092
46.09106 -122.30212
46.08923 -122.30332
46.08741 -122.30451
46.08558 -122.30571
46.08376 -122.30691
46.08193 -122.30810
46.08010 -122.30930
46.07828 -122.31050
46.07645 -122.31169
46.07463 -122.31289
46.07280 -122.31409
46.07098 -122.31528
46.06915 -122.31648
46.06733 -122.31767
46.06550 -122.31887
46.06368 -122.32007
46.06185 -122.32126
46.06003 -122.32246
46.05820 -122.32365
46.05637 -122.32485
46.05455 -122.32604
46.05272 -122.32724
46.05090 -122.32843
46.04907 -122.32963
46.04725 -122.33082
46.04542 -122.33202
46.04360 -122.33321
46.04177 -122.33441
46.03995 -122.33560
46.03812 -122.33680
46.03629 -122.33799
46.03447 -122.33919
46.03264 -122.34038
46.03082 -122.34158
46.02899 -122.34277
46.02717 -122.34397
46.02534 -122.34516
46.02351 -122.34635
46.02169 -122.34755
46.01986 -122.34874
46.01804 -122.34994
46.01621 -122.35113
46.01439 -122.35232
46.01256 -122.35352
46.01073 -122.35471
46.00891 -122.35590
46.00708 -122.35710
46.00526 -122.35829
46.00343 -122.35948
46.00161 -122.36068
45.99978 -122.36187
45.99795 -122.36306
45.99613 -122.36426
45.99430 -122.36545
45.99248 -122.36664
45.99065 -122.36784
45.98882 -122.36903
45.98700 -122.37022
45.98517 -122.37141
45.98335 -122.37261
45.98152 -122.37380
45.97969 -122.37499
45.97787 -122.37618
45.97604 -122.37737
45.97422 -122.37857
45.97239 -122.37976
45.97056 -122.38095
45.96874 -122.38214
45.96691 -122.38333
45.96509 -122.38453
45.96326 -122.38572
45.96143 -122.38691
45.95961 -122.38810
45.95778 -122.38929
45.95595 -122.39048
45.95413 -122.39167
45.95230 -122.39286
45.95048 -122.39406
45.94865 -122.39525
45.94682 -122.39644
45.94500 -122.39763
45.94317 -122.39882
45.94134 -122.40001
45.93952 -122.40120
45.93769 -122.40239
45.93587 -122.40358
45.93404 -122.40477
45.93221 -122.40596
45.93039 -122.40715
45.92856 -122.40834
45.92673 -122.40953
45.92491 -122.41072
45.92308 -122.41191
45.92126 -122.41310
45.91943 -122.41429
45.91760 -122.41548
45.91578 -122.41667
45.91395 -122.41786
45.91212 -122.41905
45.91030 -122.42024
45.90847 -122.42143
45.90664 -122.42262
45.90482 -122.42381
45.90299 -122.42499
45.90116 -122.42618
45.89934 -122.42737
45.89751 -122.42856
45.89568 -122.42975
45.89386 -122.43094
45.89203 -122.43213
45.89020 -122.43331
45.88838 -122.43450
45.88655 -122.43569
45.88472 -122.43688
45.88290 -122.43807
45.88107 -122.43926
45.87924 -122.44044
45.87742 -122.44163
45.87559 -122.44282
45.87376 -122.44401
45.87194 -122.44519
45.87011 -122.44638
45.86828 -122.44757
45.86646 -122.44876
45.86463 -122.44994
45.86280 -122.45113
45.86098 -122.45232
45.85915 -122.45351
45.85732 -122.45469
45.85550 -122.45588
45.85367 -122.45707
45.85184 -122.45825
45.85001 -122.45944
45.84819 -122.46063
45.84636 -122.46181
45.84453 -122.46300
45.84271 -122.46419
45.84088 -122.46537
45.83905 -122.46656
45.83723 -122.46775
45.83540 -122.46893
45.83357 -122.47012
45.83174 -122.47130
45.82992 -122.47249
45.82809 -122.47368
45.82626 -122.47486
45.82444 -122.47605
45.82261 -122.47723
45.82078 -122.47842
45.81896 -122.47960
45.81713 -122.48079
45.81530 -122.48197
45.81347 -122.48316
45.81165 -122.48434
45.80982 -122.48553
45.80799 -122.48671
45.80616 -122.48790
45.80434 -122.48908
45.80251 -122.49027
45.80068 -122.49145
45.79886 -122.49264
45.79703 -122.49382
45.79520 -122.49501
45.79337 -122.49619
45.79155 -122.49737
45.78972 -122.49856
45.78789 -122.49974
45.78606 -122.50093
45.78424 -122.50211
45.78241 -122.50329
45.78058 -122.50448
45.77875 -122.50566
45.77693 -122.50685
45.77510 -122.50803
45.77327 -122.50921
45.77144 -122.51040
45.76962 -122.51158
45.76779 -122.51276
45.76596 -122.51395
45.76413 -122.51513
45.76231 -122.51631
45.76048 -122.51749
45.75865 -122.51868
45.75682 -122.51986
45.75500 -122.52104
45.75317 -122.52223
45.75134 -122.52341
45.74951 -122.52459
45.74769 -122.52577
45.74586 -122.52696
45.74403 -122.52814
45.74220 -122.52932
45.74038 -122.53050
45.73855 -122.53168
45.73672 -122.53287
45.73489 -122.53405
45.73307 -122.53523
45.73124 -122.53641
45.72941 -122.53759
45.72758 -122.53877
45.72575 -122.53996
45.72393 -122.54114
45.72210 -122.54232
45.72027 -122.54350
45.71844 -122.54468
45.71661 -122.54586
45.71479 -122.54704
45.71296 -122.54822
45.71113 -122.54940
45.70930 -122.55058
45.70748 -122.55177
45.70565 -122.55295
45.70382 -122.55413
45.70199 -122.55531
45.70016 -122.55649
45.69834 -122.55767
45.69651 -122.55885
45.69468 -122.56003
45.69285 -122.56121
45.69102 -122.56239
45.68920 -122.56357
45.68737 -122.56475
45.68554 -122.56593
45.68371 -122.56711
45.68188 -122.56829
45.68005 -122.56947
45.67823 -122.57065
45.67640 -122.57183
45.67457 -122.57300
45.67274 -122.57418
45.67091 -122.57536
45.66909 -122.57654
45.66726 -122.57772
45.66543 -122.57890
45.66360 -122.58008
45.66177 -122.58126
45.65994 -122.58244
45.65812 -122.58361
45.65629 -122.58479
45.65446 -122.58597
45.65263 -122.58715
45.65080 -122.58833
45.64898 -122.58951
45.64715 -122.59068
45.64532 -122.59186
45.64349 -122.59304
45.64166 -122.59422
45.63983 -122.59540
45.63800 -122.59657
45.63618 -122.59775
45.63435 -122.59893
45.63252 -122.60011
45.63069 -122.60128
45.62886 -122.60246
45.62703 -122.60364
45.62521 -122.60482
45.62338 -122.60599
45.62155 -122.60717
45.61972 -122.60835
45.61789 -122.60952
45.61606 -122.61070
45.61423 -122.61188
45.61241 -122.61306
45.61058 -122.61423
45.60875 -122.61541
45.60692 -122.61658
45.60509 -122.61776
45.60326 -122.61894
45.60143 -122.62011
45.59961 -122.62129
45.59778 -122.62247
45.59595 -122.62364
45.59412 -122.62482
45.59229 -122.62599
45.59046 -122.62717
45.58863 -122.62835
45.58680 -122.62952
45.58498 -122.63070
45.58315 -122.63187
45.58132 -122.63305
45.57949 -122.63422
45.57766 -122.63540
45.57583 -122.63657
45.57400 -122.63775
45.57217 -122.63892
45.57034 -122.64010
45.56852 -122.64127
45.56669 -122.64245
45.56486 -122.64362
45.56303 -122.64480
45.56120 -122.64597
45.55937 -122.64715
45.55754 -122.64832
45.55571 -122.64949
45.55388 -122.65067
45.55206 -122.65184
45.55023 -122.65302
45.54840 -122.65419
45.54657 -122.65537
45.54474 -122.65654
45.54291 -122.65771
45.54108 -122.65889
45.53925 -122.66006
45.53742 -122.66123
45.53559 -122.66241
45.53376 -122.66358
45.53194 -122.66475
45.53011 -122.66593
45.52828 -122.66710
45.52645 -122.66827
45.52462 -122.66945
45.52279 -122.67062
45.52096 -122.67179
45.51913 -122.67297
45.51730 -122.67414
45.51547 -122.67531
45.51364 -122.67648
45.51181 -122.67766
45.50998 -122.67883
45.50816 -122.68000
45.50633 -122.68117
45.50450 -122.68234
45.50267 -122.68352
45.50084 -122.68469
45.49983 -122.68533
