46.57352 -120.55201
46.57479 -120.55425
46.57607 -120.55650
46.57735 -120.55874
46.57863 -120.56098
46.57990 -120.56323
46.58118 -120.56547
46.58246 -120.56771
46.58373 -120.56996
46.58501 -120.57220
46.58629 -120.57444
46.58757 -120.57669
46.58884 -120.57893
46.59012 -120.58118
46.59140 -120.58342
46.59267 -120.58566
46.59395 -120.58791
46.59523 -120.59015
46.59651 -120.59240
46.59778 -120.59464
46.59906 -120.59689
46.60034 -120.59913
46.60161 -120.60138
46.60289 -120.60362
46.60417 -120.60587
46.60544 -120.60811
46.60672 -120.61036
46.60800 -120.61260
46.60927 -120.61485
46.61055 -120.61709
46.61182 -120.61934
46.61310 -120.62159
46.61438 -120.62383
46.61565 -120.62608
46.61693 -120.62832
46.61821 -120.63057
46.61948 -120.63282
46.62076 -120.63506
46.62203 -120.63731
46.62331 -120.63956
46.62459 -120.64180
46.62586 -120.64405
46.62714 -120.64630
46.62841 -120.64854
46.62969 -120.65079
46.63096 -120.65304
46.63224 -120.65529
46.63351 -120.65753
46.63479 -120.65978
46.63607 -120.66203
46.63734 -120.66428
46.63862 -120.66653
46.63989 -120.66877
46.64117 -120.67102
46.64244 -120.67327
46.64372 -120.67552
46.64499 -120.67777
46.64627 -120.68002
46.64754 -120.68227
46.64882 -120.68451
46.65009 -120.68676
46.65137 -120.68901
46.65264 -120.69126
46.65392 -120.69351
46.65519 -120.69576
46.65647 -120.69801
46.65774 -120.70026
46.65902 -120.70251
46.66029 -120.70476
46.66157 -120.70701
46.66284 -120.70926
46.66412 -120.71151
46.66539 -120.71376
46.66666 -120.71601
46.66794 -120.71826
46.66921 -120.72051
46.67049 -120.72276
46.67176 -120.72501
46.67304 -120.72726
46.67431 -120.72951
46.67558 -120.73177
46.67686 -120.73402
46.67813 -120.73627
46.67941 -120.73852
46.68068 -120.74077
46.68195 -120.74302
46.68323 -120.74527
46.68450 -120.74753
46.68578 -120.74978
46.68705 -120.75203
46.68832 -120.75428
46.68960 -120.75653
46.69087 -120.75879
46.69214 -120.76104
46.69342 -120.76329
46.69469 -120.76554
46.69596 -120.76780
46.69724 -120.77005
46.69851 -120.77230
46.69978 -120.77456
46.70106 -120.77681
46.70233 -120.77906
46.70360 -120.78132
46.70488 -120.78357
46.70615 -120.78582
46.70742 -120.78808
46.70870 -120.79033
46.70997 -120.79258
46.71124 -120.79484
46.71251 -120.79709
46.71379 -120.79935
46.71506 -120.80160
46.71633 -120.80386
46.71760 -120.80611
46.71888 -120.80837
46.72015 -120.81062
46.72142 -120.81288
46.72269 -120.81513
46.72397 -120.81739
46.72524 -120.81964
46.72651 -120.82190
46.72778 -120.82415
46.72906 -120.82641
46.73033 -120.82866
46.73160 -120.83092
46.73287 -120.83317
46.73414 -120.83543
46.73542 -120.83769
46.73669 -120.83994
46.73796 -120.84220
46.73923 -120.84446
46.74050 -120.84671
46.74178 -120.84897
46.74305 -120.85123
46.74432 -120.85348
46.74559 -120.85574
46.74686 -120.85800
46.74813 -120.86025
46.74941 -120.86251
46.75068 -120.86477
46.75195 -120.86703
46.75322 -120.86928
46.75449 -120.87154
46.75576 -120.87380
46.75703 -120.87606
46.75831 -120.87831
46.75958 -120.88057
46.76085 -120.88283
46.76212 -120.88509
46.76339 -120.88735
46.76466 -120.88961
46.76593 -120.89186
46.76720 -120.89412
46.76847 -120.89638
46.76974 -120.89864
46.77101 -120.90090
46.77229 -120.90316
46.77356 -120.90542
46.77483 -120.90768
46.77610 -120.90994
46.77737 -120.91220
46.77864 -120.91446
46.77991 -120.91672
46.78118 -120.91898
46.78245 -120.92124
46.78372 -120.92350
46.78499 -120.92576
46.78626 -120.92802
46.78753 -120.93028
46.78880 -120.93254
46.79007 -120.93480
46.79134 -120.93706
46.79261 -120.93932
46.79388 -120.94158
46.79515 -120.94384
46.79642 -120.94610
46.79769 -120.94836
46.79896 -120.95063
46.80023 -120.95289
46.80150 -120.95515
46.80277 -120.95741
46.80404 -120.95967
46.80531 -120.96193
46.80658 -120.96420
46.80785 -120.96646
46.80912 -120.96872
46.81039 -120.97098
46.81165 -120.97325
46.81292 -120.97551
46.81419 -120.97777
46.81546 -120.98003
46.81673 -120.98230
46.81800 -120.98456
46.81927 -120.98682
46.82054 -120.98909
46.82181 -120.99135
46.82308 -120.99361
46.82435 -120.99588
46.82561 -120.99814
46.82688 -121.00040
46.82815 -121.00267
46.82942 -121.00493
46.83069 -121.00720
46.83196 -121.00946
46.83323 -121.01172
46.83449 -121.01399
46.83576 -121.01625
46.83703 -121.01852
46.83830 -121.02078
46.83957 -121.02305
46.84084 -121.02531
46.84210 -121.02758
46.84337 -121.02984
46.84464 -121.03211
46.84591 -121.03437
46.84718 -121.03664
46.84845 -121.03890
46.84971 -121.04117
46.85098 -121.04343
46.85225 -121.04570
46.85352 -121.04797
46.85478 -121.05023
46.85605 -121.05250
46.85732 -121.05476
46.85859 -121.05703
46.85986 -121.05930
46.86112 -121.06156
46.86239 -121.06383
46.86366 -121.06610
46.86493 -121.06836
46.86619 -121.07063
46.86746 -121.07290
46.86873 -121.07517
46.86999 -121.07743
46.87126 -121.07970
46.87253 -121.08197
46.87380 -121.08424
46.87506 -121.08650
46.87633 -121.08877
46.87760 -121.09104
46.87886 -121.09331
46.88013 -121.09558
46.88140 -121.09784
46.88266 -121.10011
46.88393 -121.10238
46.88520 -121.10465
46.88646 -121.10692
46.88773 -121.10919
46.88900 -121.11146
46.89026 -121.11373
46.89153 -121.11600
46.89280 -121.11826
46.89406 -121.12053
46.89533 -121.12280
46.89660 -121.12507
46.89786 -121.12734
46.89913 -121.12961
46.90039 -121.13188
46.90166 -121.13415
46.90293 -121.13642
46.90419 -121.13869
46.90546 -121.14096
46.90672 -121.14323
46.90799 -121.14550
46.90926 -121.14777
46.91052 -121.15005
46.91179 -121.15232
46.91305 -121.15459
46.91432 -121.15686
46.91559 -121.15913
46.91685 -121.16140
46.91812 -121.16367
46.91938 -121.16594
46.92065 -121.16822
46.92191 -121.17049
46.92318 -121.17276
46.92444 -121.17503
46.92571 -121.17730
46.92697 -121.17958
46.92824 -121.18185
46.92950 -121.18412
46.93077 -121.18639
46.93203 -121.18867
46.93330 -121.19094
46.93456 -121.19321
46.93583 -121.19548
46.93709 -121.19776
46.93836 -121.20003
46.93962 -121.20230
46.94089 -121.20458
46.94215 -121.20685
46.94342 -121.20912
46.94468 -121.21140
46.94595 -121.21367
46.94721 -121.21594
46.94848 -121.21822
46.94974 -121.22049
46.95100 -121.22277
46.95227 -121.22504
46.95353 -121.22732
46.95480 -121.22959
46.95606 -121.23186
46.95732 -121.23414
46.95859 -121.23641
46.95985 -121.23869
46.96112 -121.24096
46.96238 -121.24324
46.96364 -121.24551
46.96491 -121.24779
46.96617 -121.25007
46.96744 -121.25234
46.96870 -121.25462
46.96996 -121.25689
46.97123 -121.25917
46.97249 -121.26144
46.97375 -121.26372
46.97502 -121.26600
46.97628 -121.26827
46.97754 -121.27055
46.97881 -121.27283
46.98007 -121.27510
46.98133 -121.27738
46.98260 -121.27966
46.98386 -121.28193
46.98512 -121.28421
46.98639 -121.28649
46.98765 -121.28877
46.98891 -121.29104
46.99018 -121.29332
46.99144 -121.29560
46.99270 -121.29788
46.99396 -121.30015
46.99523 -121.30243
46.99649 -121.30471
46.99775 -121.30699
46.99901 -121.30927
47.00028 -121.31154
47.00154 -121.31382
47.00280 -121.31610
47.00406 -121.31838
47.00533 -121.32066
47.00659 -121.32294
47.00785 -121.32522
47.00911 -121.32750
47.01038 -121.32978
47.01164 -121.33205
47.01290 -121.33433
47.01416 -121.33661
47.01542 -121.33889
47.01669 -121.34117
47.01795 -121.34345
47.01921 -121.34573
47.02047 -121.34801
47.02173 -121.35029
47.02300 -121.35257
47.02426 -121.35485
47.02552 -121.35713
47.02678 -121.35942
47.02804 -121.36170
47.02930 -121.36398
47.03057 -121.36626
47.03183 -121.36854
47.03309 -121.37082
47.03435 -121.37310
47.03561 -121.37538
47.03687 -121.37766
47.03813 -121.37995
47.03939 -121.38223
47.04066 -121.38451
47.04192 -121.38679
47.04318 -121.38907
47.04444 -121.39136
47.04570 -121.39364
47.04696 -121.39592
47.04822 -121.39820
47.04948 -121.40049
47.05074 -121.40277
47.05200 -121.40505
47.05326 -121.40733
47.05452 -121.40962
47.05579 -121.41190
47.05705 -121.41418
47.05831 -121.41647
47.05957 -121.41875
47.06083 -121.42103
47.06209 -121.42332
47.06335 -121.42560
47.06461 -121.42788
47.06587 -121.43017
47.06713 -121.43245
47.06839 -121.43474
47.06965 -121.43702
47.07091 -121.43931
47.07217 -121.44159
47.07343 -121.44387
47.07469 -121.44616
47.07595 -121.44844
47.07721 -121.45073
47.07847 -121.45301
47.07973 -121.45530
47.08099 -121.45758
47.08225 -121.45987
47.08351 -121.46216
47.08477 -121.46444
47.08602 -121.46673
47.08728 -121.46901
47.08854 -121.47130
47.08980 -121.47358
47.09106 -121.47587
47.09232 -121.47816
47.09358 -121.48044
47.09484 -121.48273
47.09610 -121.48502
47.09736 -121.48730
47.09862 -121.48959
47.09988 -121.49188
47.10113 -121.49416
47.10239 -121.49645
47.10365 -121.49874
47.10491 -121.50103
47.10617 -121.50331
47.10743 -121.50560
47.10869 -121.50789
47.10995 -121.51018
47.11120 -121.51246
47.11246 -121.51475
47.11372 -121.51704
47.11498 -121.51933
47.11624 -121.52162
47.11750 -121.52390
47.11875 -121.52619
47.12001 -121.52848
47.12127 -121.53077
47.12253 -121.53306
47.12379 -121.53535
47.12504 -121.53764
47.12630 -121.53993
47.12756 -121.54222
47.12882 -121.54450
47.13008 -121.54679
47.13133 -121.54908
47.13259 -121.55137
47.13385 -121.55366
47.13511 -121.55595
47.13637 -121.55824
47.13762 -121.56053
47.13888 -121.56282
47.14014 -121.56511
47.14140 -121.56740
47.14265 -121.56969
47.14391 -121.57199
47.14517 -121.57428
47.14642 -121.57657
47.14768 -121.57886
47.14894 -121.58115
47.15020 -121.58344
47.15145 -121.58573
47.15271 -121.58802
47.15397 -121.59031
47.15522 -121.59261
47.15648 -121.59490
47.15774 -121.59719
47.15899 -121.59948
47.16025 -121.60177
47.16151 -121.60407
47.16276 -121.60636
47.16402 -121.60865
47.16528 -121.61094
47.16653 -121.61324
47.16779 -121.61553
47.16905 -121.61782
47.17030 -121.62011
47.17156 -121.62241
47.17282 -121.62470
47.17407 -121.62699
47.17533 -121.62929
47.17658 -121.63158
47.17784 -121.63387
47.17910 -121.63617
47.18035 -121.63846
47.18161 -121.64076
47.18286 -121.64305
47.18412 -121.64534
47.18538 -121.64764
47.18663 -121.64993
47.18789 -121.65223
47.18914 -121.65452
47.19040 -121.65682
47.19165 -121.65911
47.19291 -121.66141
47.19417 -121.66370
47.19542 -121.66600
47.19668 -121.66829
47.19793 -121.67059
47.19919 -121.67288
47.20044 -121.67518
47.20170 -121.67747
47.20295 -121.67977
47.20421 -121.68206
47.20546 -121.68436
47.20672 -121.68666
47.20797 -121.68895
47.20923 -121.69125
47.21048 -121.69355
47.21174 -121.69584
47.21299 -121.69814
47.21425 -121.70043
47.21550 -121.70273
47.21676 -121.70503
47.21801 -121.70733
47.21927 -121.70962
47.22052 -121.71192
47.22177 -121.71422
47.22303 -121.71651
47.22428 -121.71881
47.22554 -121.72111
47.22679 -121.72341
47.22805 -121.72571
47.22930 -121.72800
47.23055 -121.73030
47.23181 -121.73260
47.23306 -121.73490
47.23432 -121.73720
47.23557 -121.73950
47.23682 -121.74179
47.23808 -121.74409
47.23933 -121.74639
47.24059 -121.74869
47.24184 -121.75099
47.24309 -121.75329
47.24435 -121.75559
47.24560 -121.75789
47.24685 -121.76019
47.24811 -121.76249
47.24936 -121.76479
47.25061 -121.76709
47.25187 -121.76939
47.25312 -121.77169
47.25437 -121.77399
47.25563 -121.77629
47.25688 -121.77859
47.25813 -121.78089
47.25939 -121.78319
47.26064 -121.78549
47.26189 -121.78779
47.26315 -121.79009
47.26440 -121.79239
47.26565 -121.79469
47.26690 -121.79699
47.26816 -121.79930
47.26941 -121.80160
47.27066 -121.80390
47.27192 -121.80620
47.27317 -121.80850
47.27442 -121.81080
47.27567 -121.81311
47.27693 -121.81541
47.27818 -121.81771
47.27943 -121.82001
47.28068 -121.82232
47.28193 -121.82462
47.28319 -121.82692
47.28444 -121.82922
47.28569 -121.83153
47.28694 -121.83383
47.28820 -121.83613
47.28945 -121.83844
47.29070 -121.84074
47.29195 -121.84304
47.29320 -121.84535
47.29445 -121.84765
47.29571 -121.84995
47.29696 -121.85226
47.29821 -121.85456
47.29946 -121.85687
47.30071 -121.85917
47.30196 -121.86147
47.30322 -121.86378
47.30447 -121.86608
47.30572 -121.86839
47.30697 -121.87069
47.30822 -121.87300
47.30947 -121.87530
47.31072 -121.87761
47.31197 -121.87991
47.31323 -121.88222
47.31448 -121.88452
47.31573 -121.88683
47.31698 -121.88914
47.31823 -121.89144
47.31948 -121.89375
47.32073 -121.89605
47.32198 -121.89836
47.32323 -121.90066
47.32448 -121.90297
47.32573 -121.90528
47.32698 -121.90758
47.32823 -121.90989
47.32949 -121.91220
47.33074 -121.91450
47.33199 -121.91681
47.33324 -121.91912
47.33449 -121.92143
47.33574 -121.92373
47.33699 -121.92604
47.33824 -121.92835
47.33949 -121.93065
47.34074 -121.93296
47.34199 -121.93527
47.34324 -121.93758
47.34449 -121.93989
47.34574 -121.94219
47.34699 -121.94450
47.34824 -121.94681
47.34949 -121.94912
47.35074 -121.95143
47.35199 -121.95374
47.35324 -121.95605
47.35448 -121.95835
47.35573 -121.96066
47.35698 -121.96297
47.35823 -121.96528
47.35948 -121.96759
47.36073 -121.96990
47.36198 -121.97221
47.36323 -121.97452
47.36448 -121.97683
47.36573 -121.97914
47.36698 -121.98145
47.36823 -121.98376
47.36948 -121.98607
47.37072 -121.98838
47.37197 -121.99069
47.37322 -121.99300
47.37447 -121.99531
47.37572 -121.99762
47.37697 -121.99993
47.37822 -122.00224
47.37947 -122.00456
47.38071 -122.00687
47.38196 -122.00918
47.38321 -122.01149
47.38446 -122.01380
47.38571 -122.01611
47.38696 -122.01842
47.38820 -122.02074
47.38945 -122.02305
47.39070 -122.02536
47.39195 -122.02767
47.39320 -122.02998
47.39445 -122.03230
47.39569 -122.03461
47.39694 -122.03692
47.39819 -122.03923
47.39944 -122.04155
47.40068 -122.04386
47.40193 -122.04617
47.40318 -122.04849
47.40443 -122.05080
47.40568 -122.05311
47.40692 -122.05543
47.40817 -122.05774
47.40942 -122.06005
47.41067 -122.06237
47.41191 -122.06468
47.41316 -122.06700
47.41441 -122.06931
47.41565 -122.07162
47.41690 -122.07394
47.41815 -122.07625
47.41940 -122.07857
47.42064 -122.08088
47.42189 -122.08320
47.42314 -122.08551
47.42438 -122.08783
47.42563 -122.09014
47.42688 -122.09246
47.42812 -122.09477
47.42937 -122.09709
47.43062 -122.09940
47.43186 -122.10172
47.43311 -122.10403
47.43436 -122.10635
47.43560 -122.10867
47.43685 -122.11098
47.43810 -122.11330
47.43934 -122.11561
47.44059 -122.11793
47.44184 -122.12025
47.44308 -122.12256
47.44433 -122.12488
47.44557 -122.12720
47.44682 -122.12952
47.44807 -122.13183
47.44931 -122.13415
47.45056 -122.13647
47.45180 -122.13878
47.45305 -122.14110
47.45430 -122.14342
47.45554 -122.14574
47.45679 -122.14805
47.45803 -122.15037
47.45928 -122.15269
47.46052 -122.15501
47.46177 -122.15733
47.46301 -122.15965
47.46426 -122.16196
47.46551 -122.16428
47.46675 -122.16660
47.46800 -122.16892
47.46924 -122.17124
47.47049 -122.17356
47.47173 -122.17588
47.47298 -122.17820
47.47422 -122.18052
47.47547 -122.18284
47.47671 -122.18516
47.47796 -122.18747
47.47920 -122.18979
47.48045 -122.19211
47.48169 -122.19443
47.48294 -122.19675
47.48418 -122.19908
47.48542 -122.20140
47.48667 -122.20372
47.48791 -122.20604
47.48916 -122.20836
47.49040 -122.21068
47.49165 -122.21300
47.49289 -122.21532
47.49414 -122.21764
47.49538 -122.21996
47.49662 -122.22228
47.49787 -122.22461
47.49911 -122.22693
47.50036 -122.22925
47.50160 -122.23157
47.50284 -122.23389
47.50409 -122.23621
47.50533 -122.23854
47.50658 -122.24086
47.50782 -122.24318
47.50906 -122.24550
47.51031 -122.24783
47.51155 -122.25015
47.51279 -122.25247
47.51404 -122.25479
47.51528 -122.25712
47.51652 -122.25944
47.51777 -122.26176
47.51901 -122.26409
47.52025 -122.26641
47.52150 -122.26873
47.52274 -122.27106
47.52398 -122.27338
47.52523 -122.27571
47.52647 -122.27803
47.52771 -122.28035
47.52896 -122.28268
47.53020 -122.28500
47.53144 -122.28733
47.53268 -122.28965
47.53393 -122.29198
47.53517 -122.29430
47.53641 -122.29663
47.53766 -122.29895
47.53890 -122.30128
47.54014 -122.30360
47.54138 -122.30593
47.54263 -122.30825
47.54344 -122.30979
